{
    "aabb": [
        [
            -0.5,
            -0.5,
            -0.5
        ],
        [
            0.5,
            0.5,
            0.5
        ]
    ],
    "scale": 0.010226804226671273,
    "offset": [
        -0.008469372987747192,
        0.0001923888921737671,
        -0.039096686989068985
    ],
    "frames": [
        {
            "file_path": "000.png",
            "camera_angle_x": 0.9783519628560629,
            "transform_matrix": [
                [
                    -0.32382673025131226,
                    -0.8364627957344055,
                    -0.44211575388908386,
                    -0.8148213624954224
                ],
                [
                    -0.9461164474487305,
                    0.2862955629825592,
                    0.15132270753383636,
                    0.2788884937763214
                ],
                [
                    -2.770958928977052e-08,
                    0.4672952890396118,
                    -0.884101390838623,
                    -1.629402756690979
                ],
                [
                    0,
                    0,
                    0,
                    1
                ]
            ]
        },
        {
            "file_path": "001.png",
            "camera_angle_x": 0.7857234186142696,
            "transform_matrix": [
                [
                    0.3238265812397003,
                    0.678776741027832,
                    0.659089207649231,
                    1.4909553527832031
                ],
                [
                    0.9461165070533752,
                    -0.2323245406150818,
                    -0.22558607161045074,
                    -0.510308563709259
                ],
                [
                    -4.767025529872626e-08,
                    0.6966259479522705,
                    -0.7174347639083862,
                    -1.6229413747787476
                ],
                [
                    0,
                    0,
                    0,
                    1
                ]
            ]
        },
        {
            "file_path": "002.png",
            "camera_angle_x": 0.19009321134566862,
            "transform_matrix": [
                [
                    0.9461163878440857,
                    -0.1783534586429596,
                    -0.2702848017215729,
                    -2.466434955596924
                ],
                [
                    -0.3238268792629242,
                    -0.5210909843444824,
                    -0.7896841764450073,
                    -7.206119060516357
                ],
                [
                    -8.098722581451057e-09,
                    0.8346586227416992,
                    -0.5507683753967285,
                    -5.025933742523193
                ],
                [
                    0,
                    0,
                    0,
                    1
                ]
            ]
        },
        {
            "file_path": "003.png",
            "camera_angle_x": 1.2162743367535844,
            "transform_matrix": [
                [
                    -0.9461168646812439,
                    0.12438232451677322,
                    0.29898640513420105,
                    0.4531976580619812
                ],
                [
                    0.3238268494606018,
                    0.36340442299842834,
                    0.8735408782958984,
                    1.3240959644317627
                ],
                [
                    -5.103107270088003e-09,
                    0.9232911467552185,
                    -0.3841016888618469,
                    -0.5822132229804993
                ],
                [
                    0,
                    0,
                    0,
                    1
                ]
            ]
        },
        {
            "file_path": "004.png",
            "camera_angle_x": 0.7367341428007356,
            "transform_matrix": [
                [
                    0.44002512097358704,
                    -0.19525298476219177,
                    -0.8765011429786682,
                    -2.107991933822632
                ],
                [
                    -0.8979855179786682,
                    -0.09567669034004211,
                    -0.4294975996017456,
                    -1.0329450368881226
                ],
                [
                    4.423847244083845e-08,
                    0.9760749936103821,
                    -0.21743454039096832,
                    -0.5229319930076599
                ],
                [
                    0,
                    0,
                    0,
                    1
                ]
            ]
        },
        {
            "file_path": "005.png",
            "camera_angle_x": 0.9548323566269269,
            "transform_matrix": [
                [
                    -0.4400252103805542,
                    0.045588914304971695,
                    0.8968274593353271,
                    1.6903141736984253
                ],
                [
                    0.8979853987693787,
                    0.022339139133691788,
                    0.43945780396461487,
                    0.8282771706581116
                ],
                [
                    5.6163969475164777e-08,
                    0.9987104535102844,
                    -0.05076795816421509,
                    -0.09568595886230469
                ],
                [
                    0,
                    0,
                    0,
                    1
                ]
            ]
        },
        {
            "file_path": "006.png",
            "camera_angle_x": 0.24270510298373366,
            "transform_matrix": [
                [
                    0.8979853987693787,
                    -0.016999464482069016,
                    0.439696729183197,
                    3.14558482170105
                ],
                [
                    0.4400252401828766,
                    0.03469177335500717,
                    -0.8973150849342346,
                    -6.4193806648254395
                ],
                [
                    5.320051954527116e-09,
                    0.999253511428833,
                    0.03863289952278137,
                    0.2763793170452118
                ],
                [
                    0,
                    0,
                    0,
                    1
                ]
            ]
        },
        {
            "file_path": "007.png",
            "camera_angle_x": 1.155416582932693,
            "transform_matrix": [
                [
                    -0.897985577583313,
                    0.041445292532444,
                    -0.43806907534599304,
                    -0.6946988105773926
                ],
                [
                    -0.4400252401828766,
                    -0.08457987010478973,
                    0.8939933776855469,
                    1.417712926864624
                ],
                [
                    2.3888988565090585e-08,
                    0.9955544471740723,
                    0.09418832510709763,
                    0.14936599135398865
                ],
                [
                    0,
                    0,
                    0,
                    1
                ]
            ]
        },
        {
            "file_path": "008.png",
            "camera_angle_x": 0.9796136611852894,
            "transform_matrix": [
                [
                    0.06288597732782364,
                    0.14944764971733093,
                    -0.9867680072784424,
                    -1.8164653778076172
                ],
                [
                    -0.9980208873748779,
                    0.009416614659130573,
                    -0.06217711418867111,
                    -0.11445700377225876
                ],
                [
                    -2.3827553263799928e-08,
                    0.9887250065803528,
                    0.14974384009838104,
                    0.27565228939056396
                ],
                [
                    0,
                    0,
                    0,
                    1
                ]
            ]
        },
        {
            "file_path": "009.png",
            "camera_angle_x": 0.9252789188408076,
            "transform_matrix": [
                [
                    -0.06288620084524155,
                    -0.20489320158958435,
                    0.9767621159553528,
                    1.89531409740448
                ],
                [
                    0.9980207681655884,
                    -0.012910616584122181,
                    0.061546601355075836,
                    0.11942532658576965
                ],
                [
                    6.733066726383186e-08,
                    0.978699266910553,
                    0.2052994966506958,
                    0.3983643352985382
                ],
                [
                    0,
                    0,
                    0,
                    1
                ]
            ]
        },
        {
            "file_path": "010.png",
            "camera_angle_x": 0.7850186777084638,
            "transform_matrix": [
                [
                    0.9980207085609436,
                    -0.016404174268245697,
                    0.06070888787508011,
                    0.13744917511940002
                ],
                [
                    0.06288613379001617,
                    0.2603386640548706,
                    -0.9634674191474915,
                    -2.1813578605651855
                ],
                [
                    1.6744026165582682e-09,
                    0.9653782248497009,
                    0.26085495948791504,
                    0.5905944108963013
                ],
                [
                    0,
                    0,
                    0,
                    1
                ]
            ]
        },
        {
            "file_path": "011.png",
            "camera_angle_x": 0.19442995467705568,
            "transform_matrix": [
                [
                    -0.9980207085609436,
                    0.019897839054465294,
                    -0.059655170887708664,
                    -0.5322673916816711
                ],
                [
                    -0.06288611888885498,
                    -0.31578436493873596,
                    0.9467446804046631,
                    8.447236061096191
                ],
                [
                    1.7220389558758598e-09,
                    0.9486222863197327,
                    0.3164106607437134,
                    2.8231430053710938
                ],
                [
                    0,
                    0,
                    0,
                    1
                ]
            ]
        },
        {
            "file_path": "012.png",
            "camera_angle_x": 0.95797604540347,
            "transform_matrix": [
                [
                    0.7501744031906128,
                    0.24595895409584045,
                    -0.6137935519218445,
                    -1.1533572673797607
                ],
                [
                    -0.6612400412559509,
                    0.27903956174850464,
                    -0.696346640586853,
                    -1.3084796667099
                ],
                [
                    1.5938253383751544e-08,
                    0.9282463192939758,
                    0.3719662129878998,
                    0.6989482641220093
                ],
                [
                    0,
                    0,
                    0,
                    1
                ]
            ]
        },
        {
            "file_path": "013.png",
            "camera_angle_x": 0.7058623082629926,
            "transform_matrix": [
                [
                    -0.7501744031906128,
                    -0.2826944887638092,
                    0.5977643132209778,
                    1.4976983070373535
                ],
                [
                    0.6612399816513062,
                    -0.32071593403816223,
                    0.6781614422798157,
                    1.699133276939392
                ],
                [
                    4.585501045539786e-08,
                    0.9040050506591797,
                    0.42752179503440857,
                    1.0711556673049927
                ],
                [
                    0,
                    0,
                    0,
                    1
                ]
            ]
        },
        {
            "file_path": "014.png",
            "camera_angle_x": 0.5212274115762573,
            "transform_matrix": [
                [
                    0.6612399816513062,
                    -0.36239224672317505,
                    0.6568360328674316,
                    2.2075862884521484
                ],
                [
                    0.7501744627952576,
                    0.31943002343177795,
                    -0.5789670348167419,
                    -1.9458732604980469
                ],
                [
                    -1.570116658911047e-08,
                    0.8755777478218079,
                    0.4830772876739502,
                    1.6235939264297485
                ],
                [
                    0,
                    0,
                    0,
                    1
                ]
            ]
        },
        {
            "file_path": "015.png",
            "camera_angle_x": 1.120085539305339,
            "transform_matrix": [
                [
                    -0.6612399816513062,
                    0.40406861901283264,
                    -0.6320523619651794,
                    -1.0304033756256104
                ],
                [
                    -0.7501744031906128,
                    -0.3561656177043915,
                    0.5571215152740479,
                    0.9082474112510681
                ],
                [
                    -1.317422437807636e-08,
                    0.8425405621528625,
                    0.5386329293251038,
                    0.8781062960624695
                ],
                [
                    0,
                    0,
                    0,
                    1
                ]
            ]
        },
        {
            "file_path": "016.png",
            "camera_angle_x": 0.63434823560721,
            "transform_matrix": [
                [
                    -0.13302648067474365,
                    0.5889075994491577,
                    -0.7971774339675903,
                    -2.213574171066284
                ],
                [
                    -0.9911125302314758,
                    -0.07904285192489624,
                    0.1069965735077858,
                    0.2971042990684509
                ],
                [
                    -4.655221630400774e-08,
                    0.8043258786201477,
                    0.5941884517669678,
                    1.6499216556549072
                ],
                [
                    0,
                    0,
                    0,
                    1
                ]
            ]
        },
        {
            "file_path": "017.png",
            "camera_angle_x": 0.5572437280991376,
            "transform_matrix": [
                [
                    0.13302622735500336,
                    -0.6439694762229919,
                    0.7533972859382629,
                    2.372319221496582
                ],
                [
                    0.9911125898361206,
                    0.08643295615911484,
                    -0.10112038999795914,
                    -0.3184109628200531
                ],
                [
                    5.790742108047198e-09,
                    0.7601531744003296,
                    0.6497439742088318,
                    2.0459330081939697
                ],
                [
                    0,
                    0,
                    0,
                    1
                ]
            ]
        },
        {
            "file_path": "018.png",
            "camera_angle_x": 0.25598799797024524,
            "transform_matrix": [
                [
                    0.991112470626831,
                    0.09382349252700806,
                    -0.0943036749958992,
                    -0.6398173570632935
                ],
                [
                    -0.13302643597126007,
                    0.6990312337875366,
                    -0.7026090025901794,
                    -4.766955852508545
                ],
                [
                    -5.823935111948231e-09,
                    0.7089093923568726,
                    0.7052995562553406,
                    4.785211086273193
                ],
                [
                    0,
                    0,
                    0,
                    1
                ]
            ]
        },
        {
            "file_path": "019.png",
            "camera_angle_x": 0.9525055379114633,
            "transform_matrix": [
                [
                    -0.991112470626831,
                    -0.10121382027864456,
                    0.08632373064756393,
                    0.1630672663450241
                ],
                [
                    0.13302640616893768,
                    -0.7540929317474365,
                    0.643154501914978,
                    1.214931845664978
                ],
                [
                    -8.568292741983896e-09,
                    0.6489217877388,
                    0.7608550786972046,
                    1.4372707605361938
                ],
                [
                    0,
                    0,
                    0,
                    1
                ]
            ]
        },
        {
            "file_path": "020.png",
            "camera_angle_x": 0.6198868340364528,
            "transform_matrix": [
                [
                    0.6067584156990051,
                    0.6489537358283997,
                    -0.4590243697166443,
                    -1.303346037864685
                ],
                [
                    -0.7948863506317139,
                    0.4953640103340149,
                    -0.3503858745098114,
                    -0.9948798418045044
                ],
                [
                    -4.504519068859736e-08,
                    0.5774717330932617,
                    0.8164106607437134,
                    2.3181028366088867
                ],
                [
                    0,
                    0,
                    0,
                    1
                ]
            ]
        },
        {
            "file_path": "021.png",
            "camera_angle_x": 0.3331124369745868,
            "transform_matrix": [
                [
                    -0.6067585945129395,
                    -0.6931139230728149,
                    0.3891492784023285,
                    2.0328054428100586
                ],
                [
                    0.7948861718177795,
                    -0.5290729999542236,
                    0.2970483899116516,
                    1.5516963005065918
                ],
                [
                    -2.260359899253217e-08,
                    0.48956602811813354,
                    0.8719662427902222,
                    4.554904460906982
                ],
                [
                    0,
                    0,
                    0,
                    1
                ]
            ]
        },
        {
            "file_path": "022.png",
            "camera_angle_x": 1.1065751982425511,
            "transform_matrix": [
                [
                    0.7948862314224243,
                    -0.562781810760498,
                    0.2267875373363495,
                    0.37375563383102417
                ],
                [
                    0.6067585349082947,
                    0.7372742891311646,
                    -0.2971038222312927,
                    -0.4896399676799774
                ],
                [
                    -1.4031257045132861e-08,
                    0.37376901507377625,
                    0.927521824836731,
                    1.5285958051681519
                ],
                [
                    0,
                    0,
                    0,
                    1
                ]
            ]
        },
        {
            "file_path": "023.png",
            "camera_angle_x": 1.168762669255359,
            "transform_matrix": [
                [
                    -0.7948864102363586,
                    0.5964905619621277,
                    -0.11115264892578125,
                    -0.174485981464386
                ],
                [
                    -0.6067584753036499,
                    -0.7814348340034485,
                    0.14561592042446136,
                    0.22858601808547974
                ],
                [
                    -2.6092973115510176e-08,
                    0.18319089710712433,
                    0.983077347278595,
                    1.5432217121124268
                ],
                [
                    0,
                    0,
                    0,
                    1
                ]
            ]
        }
    ]
}