{
    "aabb": [
        [
            -0.5,
            -0.5,
            -0.5
        ],
        [
            0.5,
            0.5,
            0.5
        ]
    ],
    "scale": 0.058501462402660846,
    "offset": [
        0.0008398890495300293,
        0.1283966302871704,
        -0.5122730731964111
    ],
    "frames": [
        {
            "file_path": "000.png",
            "camera_angle_x": 1.0799355837806948,
            "transform_matrix": [
                [
                    -0.7730532288551331,
                    -0.5843329429626465,
                    -0.24686969816684723,
                    -0.41585662961006165
                ],
                [
                    -0.6343418955802917,
                    0.7121083736419678,
                    0.300852507352829,
                    0.5067917108535767
                ],
                [
                    3.5853187085876925e-09,
                    0.38917461037635803,
                    -0.9211645126342773,
                    -1.5517184734344482
                ],
                [
                    0,
                    0,
                    0,
                    1
                ]
            ]
        },
        {
            "file_path": "001.png",
            "camera_angle_x": 0.7315703735047852,
            "transform_matrix": [
                [
                    0.7730526924133301,
                    0.47860923409461975,
                    0.41632047295570374,
                    1.0079998970031738
                ],
                [
                    0.634341835975647,
                    -0.5832663178443909,
                    -0.5073569416999817,
                    -1.2284184694290161
                ],
                [
                    -1.6281525461181445e-08,
                    0.6563031077384949,
                    -0.7544974088668823,
                    -1.8267978429794312
                ],
                [
                    0,
                    0,
                    0,
                    1
                ]
            ]
        },
        {
            "file_path": "002.png",
            "camera_angle_x": 1.1181930463383014,
            "transform_matrix": [
                [
                    0.6343417167663574,
                    -0.4544241726398468,
                    -0.6253873109817505,
                    -1.0210790634155273
                ],
                [
                    -0.7730527520179749,
                    -0.3728856146335602,
                    -0.5131723284721375,
                    -0.8378639817237854
                ],
                [
                    -7.958920633654998e-09,
                    0.8089839816093445,
                    -0.5878307819366455,
                    -0.9597598910331726
                ],
                [
                    0,
                    0,
                    0,
                    1
                ]
            ]
        },
        {
            "file_path": "003.png",
            "camera_angle_x": 0.4087222066216081,
            "transform_matrix": [
                [
                    -0.634341835975647,
                    0.32558202743530273,
                    0.7011469602584839,
                    2.9920480251312256
                ],
                [
                    0.7730528712272644,
                    0.2671617567539215,
                    0.5753381848335266,
                    2.45517635345459
                ],
                [
                    3.857957153741154e-08,
                    0.9069846272468567,
                    -0.4211640954017639,
                    -1.7972596883773804
                ],
                [
                    0,
                    0,
                    0,
                    1
                ]
            ]
        },
        {
            "file_path": "004.png",
            "camera_angle_x": 0.8558101534454415,
            "transform_matrix": [
                [
                    -0.0980835109949112,
                    -0.25327032804489136,
                    -0.9624105095863342,
                    -2.0085320472717285
                ],
                [
                    -0.9951782822608948,
                    0.02496175654232502,
                    0.09485388547182083,
                    0.19795845448970795
                ],
                [
                    -1.1581001757576814e-07,
                    0.9670735597610474,
                    -0.25449755787849426,
                    -0.5311311483383179
                ],
                [
                    0,
                    0,
                    0,
                    1
                ]
            ]
        },
        {
            "file_path": "005.png",
            "camera_angle_x": 0.9499102730678195,
            "transform_matrix": [
                [
                    0.09808352589607239,
                    0.08740720897912979,
                    0.9913322329521179,
                    1.8773707151412964
                ],
                [
                    0.99517822265625,
                    -0.008614732883870602,
                    -0.09770449250936508,
                    -0.18503135442733765
                ],
                [
                    -3.0717018262294005e-08,
                    0.996135413646698,
                    -0.08783072978258133,
                    -0.16633252799510956
                ],
                [
                    0,
                    0,
                    0,
                    1
                ]
            ]
        },
        {
            "file_path": "006.png",
            "camera_angle_x": 1.1354934125632048,
            "transform_matrix": [
                [
                    0.9951781630516052,
                    0.0025775048416107893,
                    -0.09804967790842056,
                    -0.15790997445583344
                ],
                [
                    -0.09808354824781418,
                    0.026151927188038826,
                    -0.9948345422744751,
                    -1.6021909713745117
                ],
                [
                    -9.466551986747618e-10,
                    0.9996546506881714,
                    0.02627863921225071,
                    0.04232203587889671
                ],
                [
                    0,
                    0,
                    0,
                    1
                ]
            ]
        },
        {
            "file_path": "007.png",
            "camera_angle_x": 0.47616800398512865,
            "transform_matrix": [
                [
                    -0.9951784610748291,
                    -0.00802659522742033,
                    0.097754567861557,
                    0.35896173119544983
                ],
                [
                    0.09808354079723358,
                    -0.08143996447324753,
                    0.9918404221534729,
                    3.64210844039917
                ],
                [
                    1.4443912732531317e-08,
                    0.9966460466384888,
                    0.08183429390192032,
                    0.3005010783672333
                ],
                [
                    0,
                    0,
                    0,
                    1
                ]
            ]
        },
        {
            "file_path": "008.png",
            "camera_angle_x": 1.0397509570452403,
            "transform_matrix": [
                [
                    -0.47145575284957886,
                    0.12116256356239319,
                    -0.8735269904136658,
                    -1.5228241682052612
                ],
                [
                    -0.8818899393081665,
                    -0.06477327644824982,
                    0.4669848680496216,
                    0.8140971064567566
                ],
                [
                    -2.269849375124977e-08,
                    0.9905171990394592,
                    0.13738958537578583,
                    0.23951230943202972
                ],
                [
                    0,
                    0,
                    0,
                    1
                ]
            ]
        },
        {
            "file_path": "009.png",
            "camera_angle_x": 0.4864921212583177,
            "transform_matrix": [
                [
                    0.47145548462867737,
                    -0.17015652358531952,
                    0.865318775177002,
                    3.1113734245300293
                ],
                [
                    0.8818899393081665,
                    0.09096498042345047,
                    -0.46259671449661255,
                    -1.6633306741714478
                ],
                [
                    4.838651790350923e-08,
                    0.9812096357345581,
                    0.192945197224617,
                    0.6937617063522339
                ],
                [
                    0,
                    0,
                    0,
                    1
                ]
            ]
        },
        {
            "file_path": "010.png",
            "camera_angle_x": 0.35459404394142563,
            "transform_matrix": [
                [
                    0.881889820098877,
                    0.11715713143348694,
                    -0.45666685700416565,
                    -2.2423651218414307
                ],
                [
                    -0.4714556038379669,
                    0.21915030479431152,
                    -0.8542264699935913,
                    -4.1944966316223145
                ],
                [
                    -1.6189659390875022e-08,
                    0.9686317443847656,
                    0.248500794172287,
                    1.2202105522155762
                ],
                [
                    0,
                    0,
                    0,
                    1
                ]
            ]
        },
        {
            "file_path": "011.png",
            "camera_angle_x": 1.0567402734484048,
            "transform_matrix": [
                [
                    -0.8818897604942322,
                    -0.14334909617900848,
                    0.4491340219974518,
                    0.771555483341217
                ],
                [
                    0.47145554423332214,
                    -0.26814427971839905,
                    0.8401358723640442,
                    1.4432471990585327
                ],
                [
                    1.4279146753892746e-08,
                    0.9526540040969849,
                    0.3040564954280853,
                    0.5223304629325867
                ],
                [
                    0,
                    0,
                    0,
                    1
                ]
            ]
        },
        {
            "file_path": "012.png",
            "camera_angle_x": 0.9742218348255672,
            "transform_matrix": [
                [
                    0.2902207672595978,
                    0.34413424134254456,
                    -0.8929409980773926,
                    -1.652106761932373
                ],
                [
                    -0.9569597244262695,
                    0.10436683148145676,
                    -0.27080559730529785,
                    -0.5010407567024231
                ],
                [
                    -2.7509731381769598e-08,
                    0.9331019520759583,
                    0.35961198806762695,
                    0.6653490662574768
                ],
                [
                    0,
                    0,
                    0,
                    1
                ]
            ]
        },
        {
            "file_path": "013.png",
            "camera_angle_x": 0.38512639224474754,
            "transform_matrix": [
                [
                    -0.29022088646888733,
                    -0.3972986042499542,
                    0.8705893158912659,
                    3.939652919769287
                ],
                [
                    0.9569597244262695,
                    -0.12049026042222977,
                    0.2640269696712494,
                    1.1947935819625854
                ],
                [
                    -3.6835302807958215e-08,
                    0.9097449779510498,
                    0.41516751050949097,
                    1.8787459135055542
                ],
                [
                    0,
                    0,
                    0,
                    1
                ]
            ]
        },
        {
            "file_path": "014.png",
            "camera_angle_x": 0.689016736008501,
            "transform_matrix": [
                [
                    0.9569597244262695,
                    -0.1366136521100998,
                    0.2560563087463379,
                    0.6565856337547302
                ],
                [
                    0.29022082686424255,
                    0.45046302676200867,
                    -0.8443074226379395,
                    -2.1649928092956543
                ],
                [
                    8.277561747149775e-09,
                    0.8822810649871826,
                    0.47072306275367737,
                    1.2070392370224
                ],
                [
                    0,
                    0,
                    0,
                    1
                ]
            ]
        },
        {
            "file_path": "015.png",
            "camera_angle_x": 0.9885159195607811,
            "transform_matrix": [
                [
                    -0.9569600224494934,
                    0.1527370661497116,
                    -0.24677833914756775,
                    -0.4505184292793274
                ],
                [
                    -0.29022088646888733,
                    -0.5036277174949646,
                    0.8137146234512329,
                    1.4855170249938965
                ],
                [
                    2.09920401061936e-08,
                    0.850312352180481,
                    0.526278555393219,
                    0.9607742428779602
                ],
                [
                    0,
                    0,
                    0,
                    1
                ]
            ]
        },
        {
            "file_path": "016.png",
            "camera_angle_x": 1.1224995977199024,
            "transform_matrix": [
                [
                    -0.6344449520111084,
                    0.44973933696746826,
                    -0.6286606788635254,
                    -1.022905707359314
                ],
                [
                    -0.7729681134223938,
                    -0.3691418468952179,
                    0.5159987211227417,
                    0.8395912647247314
                ],
                [
                    -3.6457752372598407e-08,
                    0.8133074045181274,
                    0.5818342566490173,
                    0.9467134475708008
                ],
                [
                    0,
                    0,
                    0,
                    1
                ]
            ]
        },
        {
            "file_path": "017.png",
            "camera_angle_x": 0.8311744165758053,
            "transform_matrix": [
                [
                    0.6344447135925293,
                    -0.4926821291446686,
                    0.5956043004989624,
                    1.2776156663894653
                ],
                [
                    0.7729684114456177,
                    0.4043883979320526,
                    -0.48886626958847046,
                    -1.0486547946929932
                ],
                [
                    4.428071420647939e-08,
                    0.770541787147522,
                    0.637389600276947,
                    1.3672492504119873
                ],
                [
                    0,
                    0,
                    0,
                    1
                ]
            ]
        },
        {
            "file_path": "018.png",
            "camera_angle_x": 0.9784947733712859,
            "transform_matrix": [
                [
                    0.7729681134223938,
                    0.43963560461997986,
                    -0.457428514957428,
                    -0.8429297208786011
                ],
                [
                    -0.6344448924064636,
                    0.5356245636940002,
                    -0.5573024749755859,
                    -1.0269731283187866
                ],
                [
                    -1.4796739833400352e-08,
                    0.7209902405738831,
                    0.6929452419281006,
                    1.2769300937652588
                ],
                [
                    0,
                    0,
                    0,
                    1
                ]
            ]
        },
        {
            "file_path": "019.png",
            "camera_angle_x": 0.852217527431515,
            "transform_matrix": [
                [
                    -0.7729681134223938,
                    -0.4748826026916504,
                    0.4207218885421753,
                    0.8815116882324219
                ],
                [
                    0.6344449520111084,
                    -0.5785673260688782,
                    0.5125812888145447,
                    1.0739789009094238
                ],
                [
                    -4.696687483374262e-09,
                    0.6631338000297546,
                    0.7485008835792542,
                    1.5682861804962158
                ],
                [
                    0,
                    0,
                    0,
                    1
                ]
            ]
        },
        {
            "file_path": "020.png",
            "camera_angle_x": 0.417942726915229,
            "transform_matrix": [
                [
                    0.09795071929693222,
                    0.8001899123191833,
                    -0.5916939973831177,
                    -2.4700541496276855
                ],
                [
                    -0.9951912760734558,
                    0.07875791192054749,
                    -0.05823689326643944,
                    -0.2431126832962036
                ],
                [
                    1.2147760131142604e-08,
                    0.5945530533790588,
                    0.8040564060211182,
                    3.3565711975097656
                ],
                [
                    0,
                    0,
                    0,
                    1
                ]
            ]
        },
        {
            "file_path": "021.png",
            "camera_angle_x": 0.8332039605784617,
            "transform_matrix": [
                [
                    -0.09795110672712326,
                    -0.8554784655570984,
                    0.5084903836250305,
                    1.088248372077942
                ],
                [
                    0.9951913952827454,
                    -0.08419995754957199,
                    0.050047796219587326,
                    0.10710979253053665
                ],
                [
                    -1.4413204851848604e-08,
                    0.5109474062919617,
                    0.859611988067627,
                    1.83970308303833
                ],
                [
                    0,
                    0,
                    0,
                    1
                ]
            ]
        },
        {
            "file_path": "022.png",
            "camera_angle_x": 0.7993381513712572,
            "transform_matrix": [
                [
                    0.9951912760734558,
                    -0.08964134007692337,
                    0.03948136046528816,
                    0.08787117898464203
                ],
                [
                    0.09795074164867401,
                    0.9107667803764343,
                    -0.40113529562950134,
                    -0.892781674861908
                ],
                [
                    -5.075669218257417e-09,
                    0.40307357907295227,
                    0.9151675701141357,
                    2.0368306636810303
                ],
                [
                    0,
                    0,
                    0,
                    1
                ]
            ]
        },
        {
            "file_path": "023.png",
            "camera_angle_x": 1.1544520963300604,
            "transform_matrix": [
                [
                    -0.9951913356781006,
                    0.09508302807807922,
                    -0.023527899757027626,
                    -0.03733864426612854
                ],
                [
                    -0.09795072674751282,
                    -0.966055154800415,
                    0.23904630541801453,
                    0.37936511635780334
                ],
                [
                    -5.211928666426502e-10,
                    0.24020136892795563,
                    0.9707230925559998,
                    1.5405323505401611
                ],
                [
                    0,
                    0,
                    0,
                    1
                ]
            ]
        }
    ]
}