{
    "aabb": [
        [
            -0.5,
            -0.5,
            -0.5
        ],
        [
            0.5,
            0.5,
            0.5
        ]
    ],
    "scale": 0.061360846904401405,
    "offset": [
        -0.10274052619934082,
        -0.0,
        -0.26300323009490967
    ],
    "frames": [
        {
            "file_path": "000.png",
            "camera_angle_x": 0.6981317007977318,
            "transform_matrix": [
                [
                    0.7053098678588867,
                    -0.7058785557746887,
                    -0.06537163257598877,
                    -0.13074326515197754
                ],
                [
                    -0.7088991403579712,
                    -0.7023045420646667,
                    -0.06504064053297043,
                    -0.13008129596710205
                ],
                [
                    -3.56117291211433e-09,
                    0.09221570193767548,
                    -0.9957390427589417,
                    -1.9914780855178833
                ],
                [
                    0,
                    0,
                    0,
                    1
                ]
            ]
        },
        {
            "file_path": "001.png",
            "camera_angle_x": 0.6981317007977318,
            "transform_matrix": [
                [
                    -0.7053099870681763,
                    0.6869746446609497,
                    0.17493970692157745,
                    0.3498794734477997
                ],
                [
                    0.7088991403579712,
                    0.683496356010437,
                    0.17405392229557037,
                    0.3481079936027527
                ],
                [
                    -2.723575853735838e-08,
                    0.24677656590938568,
                    -0.9690725207328796,
                    -1.9381448030471802
                ],
                [
                    0,
                    0,
                    0,
                    1
                ]
            ]
        },
        {
            "file_path": "002.png",
            "camera_angle_x": 0.6981317007977318,
            "transform_matrix": [
                [
                    0.7088991403579712,
                    0.6646880507469177,
                    0.23590634763240814,
                    0.4718126952648163
                ],
                [
                    0.7053098678588867,
                    -0.6680707335472107,
                    -0.23710688948631287,
                    -0.47421368956565857
                ],
                [
                    -4.474398629383813e-09,
                    0.3344719409942627,
                    -0.9424058198928833,
                    -1.8848114013671875
                ],
                [
                    0,
                    0,
                    0,
                    1
                ]
            ]
        },
        {
            "file_path": "003.png",
            "camera_angle_x": 0.6981317007977318,
            "transform_matrix": [
                [
                    -0.7088991403579712,
                    -0.6458798050880432,
                    -0.2833748459815979,
                    -0.5667496919631958
                ],
                [
                    -0.7053098678588867,
                    0.6491666436195374,
                    0.2848169207572937,
                    0.5696338415145874
                ],
                [
                    1.2044634623009642e-08,
                    0.4017735421657562,
                    -0.9157390594482422,
                    -1.8314781188964844
                ],
                [
                    0,
                    0,
                    0,
                    1
                ]
            ]
        },
        {
            "file_path": "004.png",
            "camera_angle_x": 0.6981317007977318,
            "transform_matrix": [
                [
                    0.9999967813491821,
                    -0.0022564297541975975,
                    -0.0011617931304499507,
                    -0.0023235860280692577
                ],
                [
                    -0.002537959488108754,
                    -0.8890694975852966,
                    -0.4577651917934418,
                    -0.9155303239822388
                ],
                [
                    1.701174756618684e-10,
                    0.45776668190956116,
                    -0.8890723586082458,
                    -1.7781447172164917
                ],
                [
                    0,
                    0,
                    0,
                    1
                ]
            ]
        },
        {
            "file_path": "005.png",
            "camera_angle_x": 0.6981317007977318,
            "transform_matrix": [
                [
                    -0.9999967813491821,
                    0.0021887505427002907,
                    0.001284759840928018,
                    0.002569519681856036
                ],
                [
                    0.002537959022447467,
                    0.8624029159545898,
                    0.5062161087989807,
                    1.0124322175979614
                ],
                [
                    4.742787412803651e-11,
                    0.5062177181243896,
                    -0.8624057173728943,
                    -1.7248114347457886
                ],
                [
                    0,
                    0,
                    0,
                    1
                ]
            ]
        },
        {
            "file_path": "006.png",
            "camera_angle_x": 0.6981317007977318,
            "transform_matrix": [
                [
                    0.0025379154831171036,
                    0.8357363939285278,
                    0.5491250157356262,
                    1.0982500314712524
                ],
                [
                    0.9999967813491821,
                    -0.002121010096743703,
                    -0.0013936348259449005,
                    -0.0027873225044459105
                ],
                [
                    -4.961796307156874e-09,
                    0.5491267442703247,
                    -0.835739016532898,
                    -1.6714781522750854
                ],
                [
                    0,
                    0,
                    0,
                    1
                ]
            ]
        },
        {
            "file_path": "007.png",
            "camera_angle_x": 0.6981317007977318,
            "transform_matrix": [
                [
                    -0.0025379585567861795,
                    -0.8090697526931763,
                    -0.5877071619033813,
                    -1.1754142045974731
                ],
                [
                    -0.9999967813491821,
                    0.0020533334463834763,
                    0.0014915954088792205,
                    0.002983162645250559
                ],
                [
                    -3.332507958475617e-08,
                    0.5877090692520142,
                    -0.8090723752975464,
                    -1.6181447505950928
                ],
                [
                    0,
                    0,
                    0,
                    1
                ]
            ]
        },
        {
            "file_path": "008.png",
            "camera_angle_x": 0.6981317007977318,
            "transform_matrix": [
                [
                    0.9229053258895874,
                    -0.3012472987174988,
                    -0.23978286981582642,
                    -0.4795657694339752
                ],
                [
                    -0.3850269615650177,
                    -0.7220865488052368,
                    -0.5747568607330322,
                    -1.1495137214660645
                ],
                [
                    -1.8521001621252253e-08,
                    0.6227690577507019,
                    -0.7824058532714844,
                    -1.5648114681243896
                ],
                [
                    0,
                    0,
                    0,
                    1
                ]
            ]
        },
        {
            "file_path": "009.png",
            "camera_angle_x": 0.6981317007977318,
            "transform_matrix": [
                [
                    -0.9229056239128113,
                    0.29097995162010193,
                    0.2521437406539917,
                    0.5042874217033386
                ],
                [
                    0.3850269913673401,
                    0.6974755525588989,
                    0.6043857336044312,
                    1.2087713479995728
                ],
                [
                    7.2018480068436475e-09,
                    0.6548729538917542,
                    -0.7557393312454224,
                    -1.511478066444397
                ],
                [
                    0,
                    0,
                    0,
                    1
                ]
            ]
        },
        {
            "file_path": "010.png",
            "camera_angle_x": 0.6981317007977318,
            "transform_matrix": [
                [
                    0.38502705097198486,
                    0.6728647351264954,
                    0.6316701173782349,
                    1.2633403539657593
                ],
                [
                    0.9229052662849426,
                    -0.2807125747203827,
                    -0.26352658867836,
                    -0.5270531177520752
                ],
                [
                    7.780442401461585e-10,
                    0.684436559677124,
                    -0.7290723919868469,
                    -1.4581447839736938
                ],
                [
                    0,
                    0,
                    0,
                    1
                ]
            ]
        },
        {
            "file_path": "011.png",
            "camera_angle_x": 0.6981317007977318,
            "transform_matrix": [
                [
                    -0.3850269019603729,
                    -0.6482539772987366,
                    -0.6569027304649353,
                    -1.3138052225112915
                ],
                [
                    -0.922905445098877,
                    0.2704448997974396,
                    0.27405327558517456,
                    0.5481065511703491
                ],
                [
                    -8.889556113444996e-08,
                    0.7117769122123718,
                    -0.7024057507514954,
                    -1.4048113822937012
                ],
                [
                    0,
                    0,
                    0,
                    1
                ]
            ]
        },
        {
            "file_path": "012.png",
            "camera_angle_x": 0.6981317007977318,
            "transform_matrix": [
                [
                    0.9248477816581726,
                    0.2570089101791382,
                    0.2803622782230377,
                    0.5607245564460754
                ],
                [
                    0.3803374767303467,
                    -0.6249558329582214,
                    -0.6817430853843689,
                    -1.3634862899780273
                ],
                [
                    -2.4769448714323516e-08,
                    0.7371408939361572,
                    -0.6757391691207886,
                    -1.351478099822998
                ],
                [
                    0,
                    0,
                    0,
                    1
                ]
            ]
        },
        {
            "file_path": "013.png",
            "camera_angle_x": 0.6981317007977318,
            "transform_matrix": [
                [
                    -0.9248482584953308,
                    -0.2468665987253189,
                    -0.28933286666870117,
                    -0.5786656141281128
                ],
                [
                    -0.38033750653266907,
                    0.6002930998802185,
                    0.7035565376281738,
                    1.407112717628479
                ],
                [
                    -3.704723638975338e-08,
                    0.760726809501648,
                    -0.6490727663040161,
                    -1.298144817352295
                ],
                [
                    0,
                    0,
                    0,
                    1
                ]
            ]
        },
        {
            "file_path": "014.png",
            "camera_angle_x": 0.6981317007977318,
            "transform_matrix": [
                [
                    -0.3803373873233795,
                    0.5756305456161499,
                    0.723873496055603,
                    1.4477471113204956
                ],
                [
                    0.9248477816581726,
                    0.23672424256801605,
                    0.2976880371570587,
                    0.5953762531280518
                ],
                [
                    -5.1893692898374866e-08,
                    0.7826947569847107,
                    -0.6224057078361511,
                    -1.2448114156723022
                ],
                [
                    0,
                    0,
                    0,
                    1
                ]
            ]
        },
        {
            "file_path": "015.png",
            "camera_angle_x": 0.6981317007977318,
            "transform_matrix": [
                [
                    0.3803374767303467,
                    -0.5509679913520813,
                    -0.7428174018859863,
                    -1.4856349229812622
                ],
                [
                    -0.9248477816581726,
                    -0.22658194601535797,
                    -0.30547866225242615,
                    -0.6109573245048523
                ],
                [
                    -6.334852997724738e-08,
                    0.8031779527664185,
                    -0.5957391262054443,
                    -1.1914781332015991
                ],
                [
                    0,
                    0,
                    0,
                    1
                ]
            ]
        },
        {
            "file_path": "016.png",
            "camera_angle_x": 0.6981317007977318,
            "transform_matrix": [
                [
                    0.83005690574646,
                    -0.31735959649086,
                    -0.4585721790790558,
                    -0.9171443581581116
                ],
                [
                    -0.5576786994934082,
                    -0.4723624587059021,
                    -0.6825453639030457,
                    -1.3650907278060913
                ],
                [
                    3.127432535166008e-08,
                    0.8222874402999878,
                    -0.569072425365448,
                    -1.1381447315216064
                ],
                [
                    0,
                    0,
                    0,
                    1
                ]
            ]
        },
        {
            "file_path": "017.png",
            "camera_angle_x": 0.6981317007977318,
            "transform_matrix": [
                [
                    -0.8300570845603943,
                    0.3024880886077881,
                    0.46851515769958496,
                    0.9370303153991699
                ],
                [
                    0.5576786994934082,
                    0.45022764801979065,
                    0.6973447203636169,
                    1.3946893215179443
                ],
                [
                    -3.102591605852467e-08,
                    0.8401167392730713,
                    -0.542405903339386,
                    -1.0848114490509033
                ],
                [
                    0,
                    0,
                    0,
                    1
                ]
            ]
        },
        {
            "file_path": "018.png",
            "camera_angle_x": 0.6981317007977318,
            "transform_matrix": [
                [
                    0.5576786398887634,
                    0.4280927777290344,
                    0.7111477255821228,
                    1.4222954511642456
                ],
                [
                    0.8300569653511047,
                    -0.28761667013168335,
                    -0.4777888357639313,
                    -0.9555776715278625
                ],
                [
                    -1.0836377128953245e-08,
                    0.856745719909668,
                    -0.5157390832901001,
                    -1.0314781665802002
                ],
                [
                    0,
                    0,
                    0,
                    1
                ]
            ]
        },
        {
            "file_path": "019.png",
            "camera_angle_x": 0.6981317007977318,
            "transform_matrix": [
                [
                    -0.5576786994934082,
                    -0.4059579074382782,
                    -0.7240114808082581,
                    -1.4480229616165161
                ],
                [
                    -0.83005690574646,
                    0.2727452218532562,
                    0.48643144965171814,
                    0.9728628993034363
                ],
                [
                    -1.3219505490269512e-08,
                    0.8722432255744934,
                    -0.48907238245010376,
                    -0.9781447649002075
                ],
                [
                    0,
                    0,
                    0,
                    1
                ]
            ]
        },
        {
            "file_path": "020.png",
            "camera_angle_x": 0.6981317007977318,
            "transform_matrix": [
                [
                    0.9812772274017334,
                    0.08905958384275436,
                    0.1707727611064911,
                    0.34154558181762695
                ],
                [
                    0.19260048866271973,
                    -0.4537481367588043,
                    -0.8700675368309021,
                    -1.7401351928710938
                ],
                [
                    -2.5116008828263148e-08,
                    0.8866684436798096,
                    -0.46240565180778503,
                    -0.9248114228248596
                ],
                [
                    0,
                    0,
                    0,
                    1
                ]
            ]
        },
        {
            "file_path": "021.png",
            "camera_angle_x": 0.6981317007977318,
            "transform_matrix": [
                [
                    -0.9812772870063782,
                    -0.08392355591058731,
                    -0.17335453629493713,
                    -0.3467090427875519
                ],
                [
                    -0.19260051846504211,
                    0.42758071422576904,
                    0.8832212686538696,
                    1.7664424180984497
                ],
                [
                    -1.0748792966808196e-08,
                    0.9000731110572815,
                    -0.4357389509677887,
                    -0.8714780807495117
                ],
                [
                    0,
                    0,
                    0,
                    1
                ]
            ]
        },
        {
            "file_path": "022.png",
            "camera_angle_x": 0.6981317007977318,
            "transform_matrix": [
                [
                    -0.1926005631685257,
                    0.4014134705066681,
                    0.895417332649231,
                    1.7908347845077515
                ],
                [
                    0.9812772274017334,
                    0.07878756523132324,
                    0.17574839293956757,
                    0.3514966666698456
                ],
                [
                    1.1350113737762513e-08,
                    0.9125019311904907,
                    -0.4090724587440491,
                    -0.8181447982788086
                ],
                [
                    0,
                    0,
                    0,
                    1
                ]
            ]
        },
        {
            "file_path": "023.png",
            "camera_angle_x": 0.6981317007977318,
            "transform_matrix": [
                [
                    0.19260041415691376,
                    -0.37524616718292236,
                    -0.906694769859314,
                    -1.8133896589279175
                ],
                [
                    -0.9812772870063782,
                    -0.07365161180496216,
                    -0.17796175181865692,
                    -0.3559236228466034
                ],
                [
                    -3.1407036971131674e-08,
                    0.9239944815635681,
                    -0.3824059069156647,
                    -0.7648114562034607
                ],
                [
                    0,
                    0,
                    0,
                    1
                ]
            ]
        },
        {
            "file_path": "024.png",
            "camera_angle_x": 0.6981317007977318,
            "transform_matrix": [
                [
                    0.9802870154380798,
                    -0.07028651237487793,
                    -0.1846543401479721,
                    -0.3693086504936218
                ],
                [
                    -0.19757889211177826,
                    -0.34872639179229736,
                    -0.9161618947982788,
                    -1.832323670387268
                ],
                [
                    -1.166520391393533e-08,
                    0.9345853924751282,
                    -0.3557390868663788,
                    -0.7114781141281128
                ],
                [
                    0,
                    0,
                    0,
                    1
                ]
            ]
        },
        {
            "file_path": "025.png",
            "camera_angle_x": 0.6981317007977318,
            "transform_matrix": [
                [
                    -0.9802871346473694,
                    0.06501776725053787,
                    0.18657468259334564,
                    0.3731493353843689
                ],
                [
                    0.19757890701293945,
                    0.32258522510528564,
                    0.925689697265625,
                    1.8513792753219604
                ],
                [
                    2.1354935597628355e-08,
                    0.9443048238754272,
                    -0.32907241582870483,
                    -0.6581447720527649
                ],
                [
                    0,
                    0,
                    0,
                    1
                ]
            ]
        },
        {
            "file_path": "026.png",
            "camera_angle_x": 0.6981317007977318,
            "transform_matrix": [
                [
                    0.19757875800132751,
                    0.2964443862438202,
                    0.9343893527984619,
                    1.8687785863876343
                ],
                [
                    0.9802870750427246,
                    -0.05974896252155304,
                    -0.18832805752754211,
                    -0.3766562044620514
                ],
                [
                    -6.280249920109782e-08,
                    0.9531793594360352,
                    -0.30240577459335327,
                    -0.604811429977417
                ],
                [
                    0,
                    0,
                    0,
                    1
                ]
            ]
        },
        {
            "file_path": "027.png",
            "camera_angle_x": 0.6981317007977318,
            "transform_matrix": [
                [
                    -0.19757887721061707,
                    -0.2703033983707428,
                    -0.9422837495803833,
                    -1.8845674991607666
                ],
                [
                    -0.9802870154380798,
                    0.054480183869600296,
                    0.18991923332214355,
                    0.3798384964466095
                ],
                [
                    -1.4617107524372841e-08,
                    0.9612325429916382,
                    -0.27573904395103455,
                    -0.5514780879020691
                ],
                [
                    0,
                    0,
                    0,
                    1
                ]
            ]
        },
        {
            "file_path": "028.png",
            "camera_angle_x": 0.6981317007977318,
            "transform_matrix": [
                [
                    0.8328769207000732,
                    0.1378512680530548,
                    0.5360159873962402,
                    1.072031855583191
                ],
                [
                    0.5534583330154419,
                    -0.20744699239730835,
                    -0.8066287636756897,
                    -1.6132574081420898
                ],
                [
                    3.301193984839301e-08,
                    0.9684849381446838,
                    -0.24907276034355164,
                    -0.4981447756290436
                ],
                [
                    0,
                    0,
                    0,
                    1
                ]
            ]
        },
        {
            "file_path": "029.png",
            "camera_angle_x": 0.6981317007977318,
            "transform_matrix": [
                [
                    -0.8328770995140076,
                    -0.12309223413467407,
                    -0.539596438407898,
                    -1.0791927576065063
                ],
                [
                    -0.5534582138061523,
                    0.18523645401000977,
                    0.8120169639587402,
                    1.624033808708191
                ],
                [
                    -1.29834809570184e-08,
                    0.9749543070793152,
                    -0.22240571677684784,
                    -0.4448114335536957
                ],
                [
                    0,
                    0,
                    0,
                    1
                ]
            ]
        },
        {
            "file_path": "030.png",
            "camera_angle_x": 0.6981317007977318,
            "transform_matrix": [
                [
                    -0.5534582734107971,
                    0.16302652657032013,
                    0.8167658448219299,
                    1.6335315704345703
                ],
                [
                    0.832876980304718,
                    0.10833326727151871,
                    0.5427521467208862,
                    1.0855042934417725
                ],
                [
                    3.794475844642875e-08,
                    0.980656087398529,
                    -0.1957390457391739,
                    -0.39147812128067017
                ],
                [
                    0,
                    0,
                    0,
                    1
                ]
            ]
        },
        {
            "file_path": "031.png",
            "camera_angle_x": 0.6981317007977318,
            "transform_matrix": [
                [
                    0.5534582138061523,
                    -0.14081650972366333,
                    -0.8208865523338318,
                    -1.6417731046676636
                ],
                [
                    -0.832876980304718,
                    -0.09357447922229767,
                    -0.5454904437065125,
                    -1.090980887413025
                ],
                [
                    2.9189241246285746e-08,
                    0.9856036305427551,
                    -0.16907238960266113,
                    -0.33814477920532227
                ],
                [
                    0,
                    0,
                    0,
                    1
                ]
            ]
        },
        {
            "file_path": "032.png",
            "camera_angle_x": 0.6981317007977318,
            "transform_matrix": [
                [
                    0.7713978886604309,
                    -0.09062029421329498,
                    -0.6298676133155823,
                    -1.2597352266311646
                ],
                [
                    -0.636353075504303,
                    -0.10985152423381805,
                    -0.7635361552238464,
                    -1.5270721912384033
                ],
                [
                    -2.9889900332591424e-08,
                    0.9898083806037903,
                    -0.14240574836730957,
                    -0.28481143712997437
                ],
                [
                    0,
                    0,
                    0,
                    1
                ]
            ]
        },
        {
            "file_path": "033.png",
            "camera_angle_x": 0.6981317007977318,
            "transform_matrix": [
                [
                    -0.7713979482650757,
                    0.07365088164806366,
                    0.6320766806602478,
                    1.264153242111206
                ],
                [
                    0.6363531947135925,
                    0.08928073197603226,
                    0.7662138342857361,
                    1.5324276685714722
                ],
                [
                    2.513374397494772e-08,
                    0.9932796955108643,
                    -0.11573902517557144,
                    -0.23147810995578766
                ],
                [
                    0,
                    0,
                    0,
                    1
                ]
            ]
        },
        {
            "file_path": "034.png",
            "camera_angle_x": 0.6981317007977318,
            "transform_matrix": [
                [
                    0.636353075504303,
                    0.06871025264263153,
                    0.76833176612854,
                    1.5366634130477905
                ],
                [
                    0.7713979482650757,
                    -0.056681688874959946,
                    -0.633823812007904,
                    -1.267647385597229
                ],
                [
                    6.810083874597694e-08,
                    0.9960252642631531,
                    -0.08907255530357361,
                    -0.17814476788043976
                ],
                [
                    0,
                    0,
                    0,
                    1
                ]
            ]
        },
        {
            "file_path": "035.png",
            "camera_angle_x": 0.6981317007977318,
            "transform_matrix": [
                [
                    -0.6363531947135925,
                    -0.048139702528715134,
                    -0.7698944211006165,
                    -1.5397887229919434
                ],
                [
                    -0.7713980078697205,
                    0.03971195966005325,
                    0.6351127624511719,
                    1.2702255249023438
                ],
                [
                    -6.93164565745974e-08,
                    0.9980509281158447,
                    -0.06240581348538399,
                    -0.12481144070625305
                ],
                [
                    0,
                    0,
                    0,
                    1
                ]
            ]
        },
        {
            "file_path": "036.png",
            "camera_angle_x": 0.6981317007977318,
            "transform_matrix": [
                [
                    0.9954302906990051,
                    0.0034127584658563137,
                    0.09543009102344513,
                    0.19086016714572906
                ],
                [
                    0.09549109637737274,
                    -0.03557581081986427,
                    -0.9947943687438965,
                    -1.989588737487793
                ],
                [
                    6.561919896341806e-09,
                    0.9993611574172974,
                    -0.03573912754654884,
                    -0.07147810608148575
                ],
                [
                    0,
                    0,
                    0,
                    1
                ]
            ]
        },
        {
            "file_path": "037.png",
            "camera_angle_x": 0.6981317007977318,
            "transform_matrix": [
                [
                    -0.9954302310943604,
                    -0.0008663330809213221,
                    -0.09548714756965637,
                    -0.19097431004047394
                ],
                [
                    -0.09549107402563095,
                    0.009030994959175587,
                    0.9953892827033997,
                    1.9907786846160889
                ],
                [
                    3.9710230659295576e-09,
                    0.9999588131904602,
                    -0.009072426706552505,
                    -0.018144775182008743
                ],
                [
                    0,
                    0,
                    0,
                    1
                ]
            ]
        },
        {
            "file_path": "038.png",
            "camera_angle_x": 0.6981317007977318,
            "transform_matrix": [
                [
                    -0.09549111872911453,
                    -0.005837971344590187,
                    0.9954131841659546,
                    1.9908263683319092
                ],
                [
                    0.9954302906990051,
                    -0.0005600510048680007,
                    0.09548947215080261,
                    0.19097888469696045
                ],
                [
                    1.1971472702043684e-08,
                    0.9999828338623047,
                    0.005864767357707024,
                    0.011729519814252853
                ],
                [
                    0,
                    0,
                    0,
                    1
                ]
            ]
        },
        {
            "file_path": "039.png",
            "camera_angle_x": 0.6981317007977318,
            "transform_matrix": [
                [
                    0.09549087285995483,
                    0.014686180278658867,
                    -0.9953221082687378,
                    -1.990643858909607
                ],
                [
                    -0.9954304099082947,
                    0.0014085732400417328,
                    -0.09548062086105347,
                    -0.19096139073371887
                ],
                [
                    -1.198923911260863e-07,
                    0.9998912811279297,
                    0.014753445982933044,
                    0.02950729802250862
                ],
                [
                    0,
                    0,
                    0,
                    1
                ]
            ]
        },
        {
            "file_path": "040.png",
            "camera_angle_x": 0.6981317007977318,
            "transform_matrix": [
                [
                    0.9562005400657654,
                    0.006920425686985254,
                    -0.2926306426525116,
                    -0.5852611660957336
                ],
                [
                    -0.2927124500274658,
                    0.02260669879615307,
                    -0.9559333324432373,
                    -1.9118664264678955
                ],
                [
                    -1.845958585988683e-08,
                    0.999720573425293,
                    0.023642227053642273,
                    0.04728507623076439
                ],
                [
                    0,
                    0,
                    0,
                    1
                ]
            ]
        },
        {
            "file_path": "041.png",
            "camera_angle_x": 0.6981317007977318,
            "transform_matrix": [
                [
                    -0.9562004804611206,
                    -0.009522326290607452,
                    0.2925574779510498,
                    0.5851149559020996
                ],
                [
                    0.29271239042282104,
                    -0.031106481328606606,
                    0.9556943774223328,
                    1.911388874053955
                ],
                [
                    6.589879752993966e-09,
                    0.9994707107543945,
                    0.032531384378671646,
                    0.06506285071372986
                ],
                [
                    0,
                    0,
                    0,
                    1
                ]
            ]
        },
        {
            "file_path": "042.png",
            "camera_angle_x": 0.6981317007977318,
            "transform_matrix": [
                [
                    0.29271233081817627,
                    -0.03960612788796425,
                    0.9553799629211426,
                    1.9107598066329956
                ],
                [
                    0.9562005400657654,
                    0.012124131433665752,
                    -0.2924611568450928,
                    -0.5849224328994751
                ],
                [
                    7.766558951516345e-08,
                    0.9991418123245239,
                    0.04142026603221893,
                    0.08284062892198563
                ],
                [
                    0,
                    0,
                    0,
                    1
                ]
            ]
        },
        {
            "file_path": "043.png",
            "camera_angle_x": 0.6981317007977318,
            "transform_matrix": [
                [
                    -0.29271236062049866,
                    0.0481056272983551,
                    -0.9549897313117981,
                    -1.9099793434143066
                ],
                [
                    -0.9562005400657654,
                    -0.014726183377206326,
                    0.2923416793346405,
                    0.5846834778785706
                ],
                [
                    -6.436823696276406e-08,
                    0.9987336993217468,
                    0.05030915141105652,
                    0.1006184071302414
                ],
                [
                    0,
                    0,
                    0,
                    1
                ]
            ]
        },
        {
            "file_path": "044.png",
            "camera_angle_x": 0.6981317007977318,
            "transform_matrix": [
                [
                    0.883114755153656,
                    -0.02777320332825184,
                    0.46833422780036926,
                    0.936668336391449
                ],
                [
                    0.46915701031684875,
                    0.05227868631482124,
                    -0.8815661072731018,
                    -1.763132095336914
                ],
                [
                    -3.072051768526762e-08,
                    0.9982463717460632,
                    0.05919806286692619,
                    0.11839618533849716
                ],
                [
                    0,
                    0,
                    0,
