{
    "aabb": [
        [
            -0.5,
            -0.5,
            -0.5
        ],
        [
            0.5,
            0.5,
            0.5
        ]
    ],
    "scale": 0.010226804226671273,
    "offset": [
        -0.008469372987747192,
        0.0001923888921737671,
        -0.039096686989068985
    ],
    "frames": [
        {
            "file_path": "000.png",
            "camera_angle_x": 0.6981317007977318,
            "transform_matrix": [
                [
                    0.9118797779083252,
                    -0.40081772208213806,
                    -0.0884333923459053,
                    -0.17686684429645538
                ],
                [
                    -0.41045746207237244,
                    -0.890464186668396,
                    -0.1964651644229889,
                    -0.3929305970668793
                ],
                [
                    -4.027174327347893e-08,
                    0.21545074880123138,
                    -0.9765148758888245,
                    -1.9530293941497803
                ],
                [
                    0,
                    0,
                    0,
                    1
                ]
            ]
        },
        {
            "file_path": "001.png",
            "camera_angle_x": 0.6981317007977318,
            "transform_matrix": [
                [
                    -0.9118799567222595,
                    0.3898721933364868,
                    0.1283549666404724,
                    0.25670990347862244
                ],
                [
                    0.41045743227005005,
                    0.8661471605300903,
                    0.2851557731628418,
                    0.5703113675117493
                ],
                [
                    3.0531790429222383e-09,
                    0.31271201372146606,
                    -0.9498481750488281,
                    -1.8996959924697876
                ],
                [
                    0,
                    0,
                    0,
                    1
                ]
            ]
        },
        {
            "file_path": "002.png",
            "camera_angle_x": 0.6981317007977318,
            "transform_matrix": [
                [
                    0.41045740246772766,
                    0.8418304324150085,
                    0.3504943549633026,
                    0.7009887099266052
                ],
                [
                    0.91187983751297,
                    -0.37892675399780273,
                    -0.15776534378528595,
                    -0.3155307173728943
                ],
                [
                    6.281410946940014e-10,
                    0.38436466455459595,
                    -0.9231814742088318,
                    -1.8463627099990845
                ],
                [
                    0,
                    0,
                    0,
                    1
                ]
            ]
        },
        {
            "file_path": "003.png",
            "camera_angle_x": 0.6981317007977318,
            "transform_matrix": [
                [
                    -0.4104574918746948,
                    -0.8175135850906372,
                    -0.40397554636001587,
                    -0.807951033115387
                ],
                [
                    -0.9118797779083252,
                    0.36798110604286194,
                    0.18183846771717072,
                    0.36367684602737427
                ],
                [
                    -3.1212735507324396e-08,
                    0.44301408529281616,
                    -0.8965147137641907,
                    -1.7930293083190918
                ],
                [
                    0,
                    0,
                    0,
                    1
                ]
            ]
        },
        {
            "file_path": "004.png",
            "camera_angle_x": 0.6981317007977318,
            "transform_matrix": [
                [
                    0.9350336194038391,
                    0.3084125518798828,
                    0.1749110221862793,
                    0.3498220443725586
                ],
                [
                    0.35455912351608276,
                    -0.8133371472358704,
                    -0.46127060055732727,
                    -0.9225412011146545
                ],
                [
                    -9.516624821515052e-09,
                    0.4933198094367981,
                    -0.8698480129241943,
                    -1.7396960258483887
                ],
                [
                    0,
                    0,
                    0,
                    1
                ]
            ]
        },
        {
            "file_path": "005.png",
            "camera_angle_x": 0.6981317007977318,
            "transform_matrix": [
                [
                    -0.9350336790084839,
                    -0.2989576458930969,
                    -0.19062133133411407,
                    -0.38124269247055054
                ],
                [
                    -0.3545590937137604,
                    0.7884029150009155,
                    0.5027014017105103,
                    1.0054028034210205
                ],
                [
                    1.834087726138023e-08,
                    0.5376291871070862,
                    -0.8431814908981323,
                    -1.6863627433776855
                ],
                [
                    0,
                    0,
                    0,
                    1
                ]
            ]
        },
        {
            "file_path": "006.png",
            "camera_angle_x": 0.6981317007977318,
            "transform_matrix": [
                [
                    -0.3545594811439514,
                    0.763468861579895,
                    0.5398181080818176,
                    1.0796359777450562
                ],
                [
                    0.9350337982177734,
                    0.2895025908946991,
                    0.20469577610492706,
                    0.4093914330005646
                ],
                [
                    -1.2693741169300665e-08,
                    0.5773248076438904,
                    -0.8165151476860046,
                    -1.6330293416976929
                ],
                [
                    0,
                    0,
                    0,
                    1
                ]
            ]
        },
        {
            "file_path": "007.png",
            "camera_angle_x": 0.6981317007977318,
            "transform_matrix": [
                [
                    0.35455891489982605,
                    -0.7385346293449402,
                    -0.573458731174469,
                    -1.1469171047210693
                ],
                [
                    -0.9350338578224182,
                    -0.280048131942749,
                    -0.21745207905769348,
                    -0.4349040389060974
                ],
                [
                    1.315239650523381e-08,
                    0.6133027672767639,
                    -0.7898485064506531,
                    -1.5796960592269897
                ],
                [
                    0,
                    0,
                    0,
                    1
                ]
            ]
        },
        {
            "file_path": "008.png",
            "camera_angle_x": 0.6981317007977318,
            "transform_matrix": [
                [
                    0.9995422959327698,
                    -0.023087747395038605,
                    -0.019548360258340836,
                    -0.03909671679139137
                ],
                [
                    -0.03025198169052601,
                    -0.7628320455551147,
                    -0.6458886861801147,
                    -1.29177725315094
                ],
                [
                    -1.000370231096781e-09,
                    0.6461844444274902,
                    -0.7631813883781433,
                    -1.526362657546997
                ],
                [
                    0,
                    0,
                    0,
                    1
                ]
            ]
        },
        {
            "file_path": "009.png",
            "camera_angle_x": 0.6981317007977318,
            "transform_matrix": [
                [
                    -0.9995423555374146,
                    0.022281035780906677,
                    0.020463095977902412,
                    0.040926188230514526
                ],
                [
                    0.030251989141106606,
                    0.7361775636672974,
                    0.6761119961738586,
                    1.3522238731384277
                ],
                [
                    2.5565243255698533e-09,
                    0.676421582698822,
                    -0.736514687538147,
                    -1.473029375076294
                ],
                [
                    0,
                    0,
                    0,
                    1
                ]
            ]
        },
        {
            "file_path": "010.png",
            "camera_angle_x": 0.6981317007977318,
            "transform_matrix": [
                [
                    0.03025197796523571,
                    0.7095232605934143,
                    0.7040325403213501,
                    1.4080649614334106
                ],
                [
                    0.9995424151420593,
                    -0.021474597975611687,
                    -0.021308161318302155,
                    -0.04261626675724983
                ],
                [
                    8.540811791135638e-08,
                    0.7043549418449402,
                    -0.7098482847213745,
                    -1.4196959733963013
                ],
                [
                    0,
                    0,
                    0,
                    1
                ]
            ]
        },
        {
            "file_path": "011.png",
            "camera_angle_x": 0.6981317007977318,
            "transform_matrix": [
                [
                    -0.03025187738239765,
                    -0.6828686594963074,
                    -0.7299146056175232,
                    -1.4598290920257568
                ],
                [
                    -0.9995424151420593,
                    0.020667370408773422,
                    0.02209135703742504,
                    0.044182948768138885
                ],
                [
                    -2.2871219584885694e-08,
                    0.7302488684654236,
                    -0.6831814646720886,
                    -1.3663626909255981
                ],
                [
                    0,
                    0,
                    0,
                    1
                ]
            ]
        },
        {
            "file_path": "012.png",
            "camera_angle_x": 0.6981317007977318,
            "transform_matrix": [
                [
                    0.7281745076179504,
                    0.4499697685241699,
                    0.5170000791549683,
                    1.0340001583099365
                ],
                [
                    0.6853917837142944,
                    -0.4780571758747101,
                    -0.5492716431617737,
                    -1.098543405532837
                ],
                [
                    -1.767541313313359e-08,
                    0.7543132305145264,
                    -0.6565146446228027,
                    -1.313029408454895
                ],
                [
                    0,
                    0,
                    0,
                    1
                ]
            ]
        },
        {
            "file_path": "013.png",
            "camera_angle_x": 0.6981317007977318,
            "transform_matrix": [
                [
                    -0.7281744480133057,
                    -0.43169257044792175,
                    -0.532356321811676,
                    -1.0647127628326416
                ],
                [
                    -0.6853916645050049,
                    0.45863938331604004,
                    0.565586507320404,
                    1.1311731338500977
                ],
                [
                    4.387648289139179e-08,
                    0.7767183184623718,
                    -0.6298479437828064,
                    -1.2596960067749023
                ],
                [
                    0,
                    0,
                    0,
                    1
                ]
            ]
        },
        {
            "file_path": "014.png",
            "camera_angle_x": 0.6981317007977318,
            "transform_matrix": [
                [
                    -0.6853917837142944,
                    0.4392213225364685,
                    0.5807949304580688,
                    1.1615899801254272
                ],
                [
                    0.7281745076179504,
                    0.4134155809879303,
                    0.5466712117195129,
                    1.0933425426483154
                ],
                [
                    -2.9274980661853078e-08,
                    0.7976040244102478,
                    -0.6031814217567444,
                    -1.2063627243041992
                ],
                [
                    0,
                    0,
                    0,
                    1
                ]
            ]
        },
        {
            "file_path": "015.png",
            "camera_angle_x": 0.6981317007977318,
            "transform_matrix": [
                [
                    0.6853917837142944,
                    -0.41980329155921936,
                    -0.5949817895889282,
                    -1.1899635791778564
                ],
                [
                    -0.7281745076179504,
                    -0.3951384425163269,
                    -0.560024619102478,
                    -1.1200491189956665
                ],
                [
                    1.7538233976210904e-08,
                    0.8170868754386902,
                    -0.576514720916748,
                    -1.1530293226242065
                ],
                [
                    0,
                    0,
                    0,
                    1
                ]
            ]
        },
        {
            "file_path": "016.png",
            "camera_angle_x": 0.6981317007977318,
            "transform_matrix": [
                [
                    0.974434494972229,
                    -0.12353531271219254,
                    -0.1876603662967682,
                    -0.3753207325935364
                ],
                [
                    -0.22467173635959625,
                    -0.5357909202575684,
                    -0.8139107823371887,
                    -1.6278215646743774
                ],
                [
                    2.834860346467849e-09,
                    0.8352647423744202,
                    -0.5498480200767517,
                    -1.0996960401535034
                ],
                [
                    0,
                    0,
                    0,
                    1
                ]
            ]
        },
        {
            "file_path": "017.png",
            "camera_angle_x": 0.6981317007977318,
            "transform_matrix": [
                [
                    -0.974434494972229,
                    0.11754406243562698,
                    0.19147004187107086,
                    0.3829401135444641
                ],
                [
                    0.22467172145843506,
                    0.5098060369491577,
                    0.8304339051246643,
                    1.6608678102493286
                ],
                [
                    -5.744870801294155e-09,
                    0.8522213101387024,
                    -0.5231813788414001,
                    -1.0463626384735107
                ],
                [
                    0,
                    0,
                    0,
                    1
                ]
            ]
        },
        {
            "file_path": "018.png",
            "camera_angle_x": 0.6981317007977318,
            "transform_matrix": [
                [
                    0.22467173635959625,
                    0.48382097482681274,
                    0.8458368182182312,
                    1.6916735172271729
                ],
                [
                    0.974434494972229,
                    -0.11155276000499725,
                    -0.19502146542072296,
                    -0.39004284143447876
                ],
                [
                    -3.930468039925472e-08,
                    0.8680284023284912,
                    -0.49651458859443665,
                    -0.9930293560028076
                ],
                [
                    0,
                    0,
                    0,
                    1
                ]
            ]
        },
        {
            "file_path": "019.png",
            "camera_angle_x": 0.6981317007977318,
            "transform_matrix": [
                [
                    -0.22467172145843506,
                    -0.4578360915184021,
                    -0.8601794242858887,
                    -1.720358967781067
                ],
                [
                    -0.9744344353675842,
                    0.10556169599294662,
                    0.19832837581634521,
                    0.39665675163269043
                ],
                [
                    6.719214695749542e-08,
                    0.8827472925186157,
                    -0.4698479473590851,
                    -0.9396960139274597
                ],
                [
                    0,
                    0,
                    0,
                    1
                ]
            ]
        },
        {
            "file_path": "020.png",
            "camera_angle_x": 0.6981317007977318,
            "transform_matrix": [
                [
                    0.847896158695221,
                    0.23495808243751526,
                    0.47525447607040405,
                    0.9505089521408081
                ],
                [
                    0.5301623344421387,
                    -0.3757718503475189,
                    -0.7600812315940857,
                    -1.5201624631881714
                ],
                [
                    7.092204157288506e-09,
                    0.8964319825172424,
                    -0.44318145513534546,
                    -0.8863626718521118
                ],
                [
                    0,
                    0,
                    0,
                    1
                ]
            ]
        },
        {
            "file_path": "021.png",
            "camera_angle_x": 0.6981317007977318,
            "transform_matrix": [
                [
                    -0.847896158695221,
                    -0.2208203822374344,
                    -0.48198601603507996,
                    -0.9639719128608704
                ],
                [
                    -0.5301623940467834,
                    0.353161096572876,
                    0.7708470225334167,
                    1.541693925857544
                ],
                [
                    -7.551950176321043e-09,
                    0.9091290831565857,
                    -0.41651463508605957,
                    -0.8330293297767639
                ],
                [
                    0,
                    0,
                    0,
                    1
                ]
            ]
        },
        {
            "file_path": "022.png",
            "camera_angle_x": 0.6981317007977318,
            "transform_matrix": [
                [
                    -0.5301623344421387,
                    0.3305507004261017,
                    0.7808099389076233,
                    1.5616198778152466
                ],
                [
                    0.8478962182998657,
                    0.20668268203735352,
                    0.48821547627449036,
                    0.9764309525489807
                ],
                [
                    5.322481655412048e-08,
                    0.9208792448043823,
                    -0.38984808325767517,
                    -0.7796960473060608
                ],
                [
                    0,
                    0,
                    0,
                    1
                ]
            ]
        },
        {
            "file_path": "023.png",
            "camera_angle_x": 0.6981317007977318,
            "transform_matrix": [
                [
                    0.5301624536514282,
                    -0.3079400956630707,
                    -0.7900003790855408,
                    -1.5800009965896606
                ],
                [
                    -0.8478960394859314,
                    -0.19254516065120697,
                    -0.4939620792865753,
                    -0.9879240989685059
                ],
                [
                    -4.5841279217029296e-08,
                    0.9317184090614319,
                    -0.3631814122200012,
                    -0.7263627052307129
                ],
                [
                    0,
                    0,
                    0,
                    1
                ]
            ]
        },
        {
            "file_path": "024.png",
            "camera_angle_x": 0.6981317007977318,
            "transform_matrix": [
                [
                    0.9862382411956787,
                    0.05563608184456825,
                    0.15568798780441284,
                    0.3113759458065033
                ],
                [
                    0.16533033549785614,
                    -0.3318837285041809,
                    -0.9287191033363342,
                    -1.8574382066726685
                ],
                [
                    9.21174070356301e-09,
                    0.9416782855987549,
                    -0.33651477098464966,
                    -0.673029363155365
                ],
                [
                    0,
                    0,
                    0,
                    1
                ]
            ]
        },
        {
            "file_path": "025.png",
            "camera_angle_x": 0.6981317007977318,
            "transform_matrix": [
                [
                    -0.9862383008003235,
                    -0.051227275282144547,
                    -0.15719377994537354,
                    -0.31438755989074707
                ],
                [
                    -0.16533033549785614,
                    0.3055839240550995,
                    0.9377016425132751,
                    1.8754032850265503
                ],
                [
                    -4.137154618888417e-09,
                    0.9507861137390137,
                    -0.30984804034233093,
                    -0.6196960210800171
                ],
                [
                    0,
                    0,
                    0,
                    1
                ]
            ]
        },
        {
            "file_path": "026.png",
            "camera_angle_x": 0.6981317007977318,
            "transform_matrix": [
                [
                    -0.16533033549785614,
                    0.2792842984199524,
                    0.9458680748939514,
                    1.8917359113693237
                ],
                [
                    0.986238420009613,
                    0.04681817814707756,
                    0.15856267511844635,
                    0.317125529050827
                ],
                [
                    1.2238169233569351e-07,
                    0.9590665102005005,
                    -0.28318145871162415,
                    -0.5663626790046692
                ],
                [
                    0,
                    0,
                    0,
                    1
                ]
            ]
        },
        {
            "file_path": "027.png",
            "camera_angle_x": 0.6981317007977318,
            "transform_matrix": [
                [
                    0.16533033549785614,
                    -0.25298452377319336,
                    -0.9532390832901001,
                    -1.9064780473709106
                ],
                [
                    -0.9862383008003235,
                    -0.04240972176194191,
                    -0.15979847311973572,
                    -0.3195968568325043
                ],
                [
                    -3.118961444670276e-08,
                    0.9665403962135315,
                    -0.25651466846466064,
                    -0.5130293369293213
                ],
                [
                    0,
                    0,
                    0,
                    1
                ]
            ]
        },
        {
            "file_path": "028.png",
            "camera_angle_x": 0.6981317007977318,
            "transform_matrix": [
                [
                    0.5804694890975952,
                    0.18716119229793549,
                    0.7924808859825134,
                    1.5849616527557373
                ],
                [
                    0.8142820596694946,
                    -0.1334199756383896,
                    -0.5649283528327942,
                    -1.1298567056655884
                ],
                [
                    2.7332060170692785e-08,
                    0.9732266068458557,
                    -0.229848250746727,
                    -0.4596960246562958
                ],
                [
                    0,
                    0,
                    0,
                    1
                ]
            ]
        },
        {
            "file_path": "029.png",
            "camera_angle_x": 0.6981317007977318,
            "transform_matrix": [
                [
                    -0.58046954870224,
                    -0.16544698178768158,
                    -0.797296941280365,
                    -1.59459388256073
                ],
                [
                    -0.8142820000648499,
                    0.11794055998325348,
                    0.5683615803718567,
                    1.136723279953003
                ],
                [
                    -4.350529536623071e-08,
                    0.979141116142273,
                    -0.2031814157962799,
                    -0.4063626825809479
                ],
                [
                    0,
                    0,
                    0,
                    1
                ]
            ]
        },
        {
            "file_path": "030.png",
            "camera_angle_x": 0.6981317007977318,
            "transform_matrix": [
                [
                    -0.8142821192741394,
                    0.10246144235134125,
                    0.5713551640510559,
                    1.1427100896835327
                ],
                [
                    0.5804697275161743,
                    0.14373263716697693,
                    0.801496148109436,
                    1.6029921770095825
                ],
                [
                    -5.892280441344155e-09,
                    0.9842981100082397,
                    -0.1765148639678955,
                    -0.35302937030792236
                ],
                [
                    0,
                    0,
                    0,
                    1
                ]
            ]
        },
        {
            "file_path": "031.png",
            "camera_angle_x": 0.6981317007977318,
            "transform_matrix": [
                [
                    0.8142818808555603,
                    -0.08698228746652603,
                    -0.5739156007766724,
                    -1.1478309631347656
                ],
                [
                    -0.5804696679115295,
                    -0.12201879918575287,
                    -0.8050879836082458,
                    -1.6101758480072021
                ],
                [
                    -2.66563642270512e-08,
                    0.9887091517448425,
                    -0.14984829723834991,
                    -0.29969602823257446
                ],
                [
                    0,
                    0,
                    0,
                    1
                ]
            ]
        },
        {
            "file_path": "032.png",
            "camera_angle_x": 0.6981317007977318,
            "transform_matrix": [
                [
                    0.9477206468582153,
                    -0.03930732235312462,
                    -0.3166709542274475,
                    -0.633341908454895
                ],
                [
                    -0.3191011846065521,
                    -0.1167415902018547,
                    -0.9405030608177185,
                    -1.8810060024261475
                ],
                [
                    6.922292072886194e-09,
                    0.9923842549324036,
                    -0.12318143248558044,
                    -0.24636268615722656
                ],
                [
                    0,
                    0,
                    0,
                    1
                ]
            ]
        },
        {
            "file_path": "033.png",
            "camera_angle_x": 0.6981317007977318,
            "transform_matrix": [
                [
                    -0.9477207660675049,
                    0.03079797700047493,
                    0.3176114559173584,
                    0.6352229118347168
                ],
                [
                    0.31910115480422974,
                    0.09146906435489655,
                    0.9432963132858276,
                    1.8865926265716553
                ],
                [
                    -1.6146310954923138e-08,
                    0.9953315854072571,
                    -0.09651487320661545,
                    -0.19302935898303986
                ],
                [
                    0,
                    0,
                    0,
                    1
                ]
            ]
        },
        {
            "file_path": "034.png",
            "camera_angle_x": 0.6981317007977318,
            "transform_matrix": [
                [
                    0.3191011846065521,
                    0.06619634479284286,
                    0.9454059600830078,
                    1.8908120393753052
                ],
                [
                    0.9477206468582153,
                    -0.02228856459259987,
                    -0.3183218240737915,
                    -0.6366435885429382
                ],
                [
                    2.870375936936398e-09,
                    0.9975576400756836,
                    -0.0698479488492012,
                    -0.13969601690769196
                ],
                [
                    0,
                    0,
                    0,
                    1
                ]
            ]
        },
        {
            "file_path": "035.png",
            "camera_angle_x": 0.6981317007977318,
            "transform_matrix": [
                [
                    -0.3191013038158417,
                    -0.040923815220594406,
                    -0.9468367695808411,
                    -1.893673300743103
                ],
                [
                    -0.9477207660675049,
                    0.013779088854789734,
                    0.3188035488128662,
                    0.6376070380210876
                ],
                [
                    -9.13716036166079e-09,
                    0.9990673661231995,
                    -0.0431814081966877,
                    -0.08636268973350525
                ],
                [
                    0,
                    0,
                    0,
                    1
                ]
            ]
        },
        {
            "file_path": "036.png",
            "camera_angle_x": 0.6981317007977318,
            "transform_matrix": [
                [
                    0.8957782983779907,
                    0.0073408093303442,
                    0.4444405138492584,
                    0.8888809680938721
                ],
                [
                    0.444501131772995,
                    -0.014793477952480316,
                    -0.895656168460846,
                    -1.7913122177124023
                ],
                [
                    -4.661523078652863e-08,
                    0.9998636841773987,
                    -0.016514679417014122,
                    -0.033029355108737946
                ],
                [
                    0,
                    0,
                    0,
                    1
                ]
            ]
        },
        {
            "file_path": "037.png",
            "camera_angle_x": 0.6981317007977318,
            "transform_matrix": [
                [
                    -0.8957783579826355,
                    0.0015041787410154939,
                    -0.44449856877326965,
                    -0.8889971375465393
                ],
                [
                    -0.444501131772995,
                    -0.003031298518180847,
                    0.89577317237854,
                    1.79154634475708
                ],
                [
                    2.6013804443891786e-09,
                    0.9999942779541016,
                    0.0033839482348412275,
                    0.0067679923959076405
                ],
                [
                    0,
                    0,
                    0,
                    1
                ]
            ]
        },
        {
            "file_path": "038.png",
            "camera_angle_x": 0.6981317007977318,
            "transform_matrix": [
                [
                    -0.4445011019706726,
                    -0.010993795469403267,
                    0.895710825920105,
                    1.79142165184021
                ],
                [
                    0.8957782983779907,
                    -0.005455273203551769,
                    0.4444676339626312,
                    0.8889352679252625
                ],
                [
                    -2.6543141018464667e-08,
                    0.9999246597290039,
                    0.01227289903908968,
                    0.02454577013850212
                ],
                [
                    0,
                    0,
                    0,
                    1
                ]
            ]
        },
        {
            "file_path": "039.png",
            "camera_angle_x": 0.6981317007977318,
            "transform_matrix": [
                [
                    0.44450104236602783,
                    0.018956204876303673,
                    -0.8955777883529663,
                    -1.791155457496643
                ],
                [
                    -0.8957783579826355,
                    0.009406314231455326,
                    -0.4444015622138977,
                    -0.8888031244277954
                ],
                [
                    -3.4427330319886096e-08,
                    0.9997761249542236,
                    0.021161645650863647,
                    0.04232354834675789
                ],
                [
                    0,
                    0,
                    0,
                    1
                ]
            ]
        },
        {
            "file_path": "040.png",
            "camera_angle_x": 0.6981317007977318,
            "transform_matrix": [
                [
                    0.9976944327354431,
                    -0.002039422048255801,
                    0.06783532351255417,
                    0.13567063212394714
                ],
                [
                    0.06786597520112991,
                    0.029981302097439766,
                    -0.9972439408302307,
                    -1.9944877624511719
                ],
                [
                    5.796538360414161e-09,
                    0.9995484352111816,
                    0.03005058504641056,
                    0.06010132655501366
                ],
                [
                    0,
                    0,
                    0,
                    1
                ]
            ]
        },
        {
            "file_path": "041.png",
            "camera_angle_x": 0.6981317007977318,
            "transform_matrix": [
                [
                    -0.9976946115493774,
                    0.0026426631957292557,
                    -0.06781449913978577,
                    -0.13562898337841034
                ],
                [
                    -0.06786596775054932,
                    -0.03884974494576454,
                    0.9969378113746643,
                    1.993875503540039
                ],
                [
                    -6.572788979752886e-10,
                    0.9992416501045227,
                    0.03893938660621643,
                    0.07787910103797913
                ],
                [
                    0,
                    0,
                    0,
                    1
                ]
            ]
        },
        {
            "file_path": "042.png",
            "camera_angle_x": 0.6981317007977318,
            "transform_matrix": [
                [
                    -0.06786604225635529,
                    -0.04771823063492775,
                    0.9965526461601257,
                    1.9931052923202515
                ],
                [
                    0.9976944327354431,
                    -0.0032459143549203873,
                    0.06778836995363235,
                    0.13557659089565277
                ],
                [
                    -2.0686712787210126e-08,
                    0.9988555908203125,
                    0.047828495502471924,
                    0.0956568792462349
                ],
                [
                    0,
                    0,
                    0,
                    1
                ]
            ]
        },
        {
            "file_path": "043.png",
            "camera_angle_x": 0.6981317007977318,
            "transform_matrix": [
                [
                    0.06786593794822693,
                    0.0565866157412529,
                    -0.9960885047912598,
                    -1.99217689037323
                ],
                [
                    -0.9976944923400879,
                    0.0038490521255880594,
                    -0.0677567720413208,
                    -0.13551343977451324
                ],
                [
                    -5.4502383051158176e-08,
                    0.9983903765678406,
                    0.05671730265021324,
                    0.11343465745449066
                ],
                [
                    0,
                    0,
                    0,
                    1
                ]
            ]
        },
        {
            "file_path": "044.png",
            "camera_angle_x": 0.6981317007977318,
            "transform_matrix": [
                [
                    0.6574879884719849,
                    -0.0494319349527359,
                    0.7518417835235596,
                    1.5036834478378296
                ],
                [
                    0.7534650564193726,
                    0.0431351438164711,
                    -0.6560716032981873,
                    -1.312143087387085
                ],
                [
                    1.0329500810257741e-08,
                    0.9978457093238831,
                    0.06560603529214859,
                    0.13121244311332703
                ],
                [
                    0,
                    0,
                    0,
                    1
