{
    "aabb": [
        [
            -0.5,
            -0.5,
            -0.5
        ],
        [
            0.5,
            0.5,
            0.5
        ]
    ],
    "scale": 0.734413792390981,
    "offset": [
        -0.3470083475112915,
        -0.39947572350502014,
        -0.4999999403953552
    ],
    "frames": [
        {
            "file_path": "000.png",
            "camera_angle_x": 0.6981317007977318,
            "transform_matrix": [
                [
                    0.3286702334880829,
                    0.932054877281189,
                    0.15247821807861328,
                    0.30495625734329224
                ],
                [
                    0.9444447755813599,
                    -0.32435861229896545,
                    -0.053063057363033295,
                    -0.10612589120864868
                ],
                [
                    -7.0327359935618e-08,
                    0.16144749522209167,
                    -0.9868813753128052,
                    -1.9737626314163208
                ],
                [
                    0,
                    0,
                    0,
                    1
                ]
            ]
        },
        {
            "file_path": "001.png",
            "camera_angle_x": 0.6981317007977318,
            "transform_matrix": [
                [
                    -0.3286701440811157,
                    -0.9068697690963745,
                    -0.263748437166214,
                    -0.5274969339370728
                ],
                [
                    -0.9444448351860046,
                    0.3155938386917114,
                    0.09178536385297775,
                    0.18357084691524506
                ],
                [
                    2.2760413997957585e-08,
                    0.2792629599571228,
                    -0.9602147340774536,
                    -1.9204293489456177
                ],
                [
                    0,
                    0,
                    0,
                    1
                ]
            ]
        },
        {
            "file_path": "002.png",
            "camera_angle_x": 0.6981317007977318,
            "transform_matrix": [
                [
                    -0.9444449543952942,
                    0.30682939291000366,
                    0.1178126409649849,
                    0.2356252819299698
                ],
                [
                    0.3286702036857605,
                    0.8816844820976257,
                    0.3385385572910309,
                    0.677077054977417
                ],
                [
                    -2.3489881151306236e-09,
                    0.3584524691104889,
                    -0.9335481524467468,
                    -1.867095947265625
                ],
                [
                    0,
                    0,
                    0,
                    1
                ]
            ]
        },
        {
            "file_path": "003.png",
            "camera_angle_x": 0.6981317007977318,
            "transform_matrix": [
                [
                    0.9444447755813599,
                    -0.2980648875236511,
                    -0.13849705457687378,
                    -0.27699413895606995
                ],
                [
                    -0.3286702334880829,
                    -0.8564995527267456,
                    -0.3979758620262146,
                    -0.7959518432617188
                ],
                [
                    -2.0150912050098668e-08,
                    0.42138606309890747,
                    -0.90688157081604,
                    -1.8137626647949219
                ],
                [
                    0,
                    0,
                    0,
                    1
                ]
            ]
        },
        {
            "file_path": "004.png",
            "camera_angle_x": 0.6981317007977318,
            "transform_matrix": [
                [
                    -0.4354184567928314,
                    0.7923940420150757,
                    0.42722654342651367,
                    0.8544530272483826
                ],
                [
                    0.9002282023429871,
                    0.38326165080070496,
                    0.20663905143737793,
                    0.4132779836654663
                ],
                [
                    -7.686796976713595e-09,
                    0.47457584738731384,
                    -0.8802146911621094,
                    -1.7604292631149292
                ],
                [
                    0,
                    0,
                    0,
                    1
                ]
            ]
        },
        {
            "file_path": "005.png",
            "camera_angle_x": 0.6981317007977318,
            "transform_matrix": [
                [
                    0.4354183077812195,
                    -0.768388032913208,
                    -0.46903175115585327,
                    -0.9380634427070618
                ],
                [
                    -0.9002282619476318,
                    -0.3716505169868469,
                    -0.2268591672182083,
                    -0.45371830463409424
                ],
                [
                    -2.0376020870571665e-09,
                    0.5210142731666565,
                    -0.8535480499267578,
                    -1.707095980644226
                ],
                [
                    0,
                    0,
                    0,
                    1
                ]
            ]
        },
        {
            "file_path": "006.png",
            "camera_angle_x": 0.6981317007977318,
            "transform_matrix": [
                [
                    -0.9002286791801453,
                    -0.3600393831729889,
                    -0.24486909806728363,
                    -0.4897380471229553
                ],
                [
                    -0.4354184567928314,
                    0.744381844997406,
                    0.506267249584198,
                    1.0125343799591064
                ],
                [
                    9.759574481904565e-09,
                    0.5623765587806702,
                    -0.8268817663192749,
                    -1.653762698173523
                ],
                [
                    0,
                    0,
                    0,
                    1
                ]
            ]
        },
        {
            "file_path": "007.png",
            "camera_angle_x": 0.6981317007977318,
            "transform_matrix": [
                [
                    0.9002282619476318,
                    0.3484281301498413,
                    0.261126309633255,
                    0.5222526788711548
                ],
                [
                    0.4354183077812195,
                    -0.7203759551048279,
                    -0.5398791432380676,
                    -1.0797584056854248
                ],
                [
                    1.6577907047121698e-08,
                    0.5997136831283569,
                    -0.8002147674560547,
                    -1.6004292964935303
                ],
                [
                    0,
                    0,
                    0,
                    1
                ]
            ]
        },
        {
            "file_path": "008.png",
            "camera_angle_x": 0.6981317007977318,
            "transform_matrix": [
                [
                    -0.057771649211645126,
                    0.7722561359405518,
                    0.6326793432235718,
                    1.265358567237854
                ],
                [
                    0.9983299374580383,
                    0.04468891769647598,
                    0.036612045019865036,
                    0.07322417199611664
                ],
                [
                    5.141282599652186e-08,
                    0.6337378025054932,
                    -0.7735481858253479,
                    -1.5470960140228271
                ],
                [
                    0,
                    0,
                    0,
                    1
                ]
            ]
        },
        {
            "file_path": "009.png",
            "camera_angle_x": 0.6981317007977318,
            "transform_matrix": [
                [
                    0.05777148902416229,
                    -0.7456340193748474,
                    -0.6638467907905579,
                    -1.3276935815811157
                ],
                [
                    -0.9983298778533936,
                    -0.04314856603741646,
                    -0.03841561824083328,
                    -0.0768313929438591
                ],
                [
                    -1.0037695119535783e-09,
                    0.6649573445320129,
                    -0.7468814849853516,
                    -1.4937626123428345
                ],
                [
                    0,
                    0,
                    0,
                    1
                ]
            ]
        },
        {
            "file_path": "010.png",
            "camera_angle_x": 0.6981317007977318,
            "transform_matrix": [
                [
                    -0.9983298778533936,
                    -0.04160800576210022,
                    -0.04007916897535324,
                    -0.08015833795070648
                ],
                [
                    -0.05777167156338692,
                    0.7190117835998535,
                    0.6925926208496094,
                    1.3851852416992188
                ],
                [
                    -3.3984803859965496e-10,
                    0.6937512755393982,
                    -0.7202147245407104,
                    -1.4404293298721313
                ],
                [
                    0,
                    0,
                    0,
                    1
                ]
            ]
        },
        {
            "file_path": "011.png",
            "camera_angle_x": 0.6981317007977318,
            "transform_matrix": [
                [
                    0.9983298182487488,
                    0.04006742313504219,
                    0.04161931201815605,
                    0.0832386240363121
                ],
                [
                    0.05777166411280632,
                    -0.6923896670341492,
                    -0.719207227230072,
                    -1.438414454460144
                ],
                [
                    5.894236210224335e-10,
                    0.7204104661941528,
                    -0.6935480237007141,
                    -1.3870959281921387
                ],
                [
                    0,
                    0,
                    0,
                    1
                ]
            ]
        },
        {
            "file_path": "012.png",
            "camera_angle_x": 0.6981317007977318,
            "transform_matrix": [
                [
                    -0.7467765808105469,
                    0.44352614879608154,
                    0.4955899715423584,
                    0.991179883480072
                ],
                [
                    0.6650750637054443,
                    0.4980112910270691,
                    0.5564709305763245,
                    1.112941861152649
                ],
                [
                    -1.9875479040365462e-08,
                    0.7451639771461487,
                    -0.6668813824653625,
                    -1.3337626457214355
                ],
                [
                    0,
                    0,
                    0,
                    1
                ]
            ]
        },
        {
            "file_path": "013.png",
            "camera_angle_x": 0.6981317007977318,
            "transform_matrix": [
                [
                    0.7467765212059021,
                    -0.42579081654548645,
                    -0.5109080076217651,
                    -1.0218160152435303
                ],
                [
                    -0.6650750637054443,
                    -0.4780972898006439,
                    -0.5736708641052246,
                    -1.1473416090011597
                ],
                [
                    3.8604341057180136e-08,
                    0.7681961059570312,
                    -0.6402146816253662,
                    -1.2804293632507324
                ],
                [
                    0,
                    0,
                    0,
                    1
                ]
            ]
        },
        {
            "file_path": "014.png",
            "camera_angle_x": 0.6981317007977318,
            "transform_matrix": [
                [
                    -0.6650751233100891,
                    -0.45818325877189636,
                    -0.5896975994110107,
                    -1.179395318031311
                ],
                [
                    -0.7467765212059021,
                    0.40805551409721375,
                    0.5251814723014832,
                    1.0503629446029663
                ],
                [
                    3.7784179340860646e-08,
                    0.7896574139595032,
                    -0.6135480999946594,
                    -1.2270959615707397
                ],
                [
                    0,
                    0,
                    0,
                    1
                ]
            ]
        },
        {
            "file_path": "015.png",
            "camera_angle_x": 0.6981317007977318,
            "transform_matrix": [
                [
                    0.6650750637054443,
                    0.4382691979408264,
                    0.604644775390625,
                    1.20928955078125
                ],
                [
                    0.7467765212059021,
                    -0.3903201222419739,
                    -0.538493275642395,
                    -1.07698655128479
                ],
                [
                    7.588027983729262e-09,
                    0.8096729516983032,
                    -0.5868813395500183,
                    -1.1737626791000366
                ],
                [
                    0,
                    0,
                    0,
                    1
                ]
            ]
        },
        {
            "file_path": "016.png",
            "camera_angle_x": 0.6981317007977318,
            "transform_matrix": [
                [
                    0.13810299336910248,
                    0.5548465847969055,
                    0.8204101324081421,
                    1.6408202648162842
                ],
                [
                    0.9904178380966187,
                    -0.07736726105213165,
                    -0.11439727246761322,
                    -0.22879435122013092
                ],
                [
                    -4.044118995238932e-08,
                    0.8283474445343018,
                    -0.560214638710022,
                    -1.120429277420044
                ],
                [
                    0,
                    0,
                    0,
                    1
                ]
            ]
        },
        {
            "file_path": "017.png",
            "camera_angle_x": 0.6981317007977318,
            "transform_matrix": [
                [
                    -0.13810303807258606,
                    -0.5284356474876404,
                    -0.8376656174659729,
                    -1.6753311157226562
                ],
                [
                    -0.9904180765151978,
                    0.07368440926074982,
                    0.11680321395397186,
                    0.2336065024137497
                ],
                [
                    5.188828922086941e-08,
                    0.8457698822021484,
                    -0.5335482954978943,
                    -1.0670959949493408
                ],
                [
                    0,
                    0,
                    0,
                    1
                ]
            ]
        },
        {
            "file_path": "018.png",
            "camera_angle_x": 0.6981317007977318,
            "transform_matrix": [
                [
                    -0.9904181361198425,
                    0.07000178843736649,
                    0.1190468892455101,
                    0.23809374868869781
                ],
                [
                    0.13810290396213531,
                    0.502024233341217,
                    0.8537560105323792,
                    1.7075117826461792
                ],
                [
                    4.3140682137732256e-09,
                    0.862015962600708,
                    -0.5068815350532532,
                    -1.0137625932693481
                ],
                [
                    0,
                    0,
                    0,
                    1
                ]
            ]
        },
        {
            "file_path": "019.png",
            "camera_angle_x": 0.6981317007977318,
            "transform_matrix": [
                [
                    0.9904178977012634,
                    -0.06631903350353241,
                    -0.1211371123790741,
                    -0.24227416515350342
                ],
                [
                    -0.13810290396213531,
                    -0.4756135046482086,
                    -0.868746280670166,
                    -1.7374920845031738
                ],
                [
                    -8.781936955415404e-09,
                    0.8771511912345886,
                    -0.4802149832248688,
                    -0.960429310798645
                ],
                [
                    0,
                    0,
                    0,
                    1
                ]
            ]
        },
        {
            "file_path": "020.png",
            "camera_angle_x": 0.6981317007977318,
            "transform_matrix": [
                [
                    -0.6026776432991028,
                    0.36192435026168823,
                    0.711189329624176,
                    1.4223787784576416
                ],
                [
                    0.7979846596717834,
                    0.27334338426589966,
                    0.5371255278587341,
                    1.0742511749267578
                ],
                [
                    -4.648588358691086e-08,
                    0.8912317752838135,
                    -0.45354798436164856,
                    -0.9070959687232971
                ],
                [
                    0,
                    0,
                    0,
                    1
                ]
            ]
        },
        {
            "file_path": "021.png",
            "camera_angle_x": 0.6981317007977318,
            "transform_matrix": [
                [
                    0.6026777625083923,
                    -0.3406447768211365,
                    -0.7216235995292664,
                    -1.4432473182678223
                ],
                [
                    -0.7979846596717834,
                    -0.2572719156742096,
                    -0.5450060963630676,
                    -1.0900121927261353
                ],
                [
                    -3.571547679825926e-08,
                    0.9043076038360596,
                    -0.426881343126297,
                    -0.8537626266479492
                ],
                [
                    0,
                    0,
                    0,
                    1
                ]
            ]
        },
        {
            "file_path": "022.png",
            "camera_angle_x": 0.6981317007977318,
            "transform_matrix": [
                [
                    -0.7979847192764282,
                    -0.24120044708251953,
                    -0.5523067712783813,
                    -1.1046135425567627
                ],
                [
                    -0.6026777029037476,
                    0.31936517357826233,
                    0.7312902808189392,
                    1.4625805616378784
                ],
                [
                    -3.919886637504533e-09,
                    0.9164214134216309,
                    -0.40021467208862305,
                    -0.8004292845726013
                ],
                [
                    0,
                    0,
                    0,
                    1
                ]
            ]
        },
        {
            "file_path": "023.png",
            "camera_angle_x": 0.6981317007977318,
            "transform_matrix": [
                [
                    0.7979846596717834,
                    0.2251291126012802,
                    0.5590505003929138,
                    1.1181007623672485
                ],
                [
                    0.6026778221130371,
                    -0.2980858385562897,
                    -0.7402194738388062,
                    -1.480438470840454
                ],
                [
                    -4.784449458838935e-08,
                    0.9276110529899597,
                    -0.373548299074173,
                    -0.7470960021018982
                ],
                [
                    0,
                    0,
                    0,
                    1
                ]
            ]
        },
        {
            "file_path": "024.png",
            "camera_angle_x": 0.6981317007977318,
            "transform_matrix": [
                [
                    -0.2514263391494751,
                    0.3357383608818054,
                    0.9077801704406738,
                    1.815560221672058
                ],
                [
                    0.9678766131401062,
                    0.08721501380205154,
                    0.2358148992061615,
                    0.4716295897960663
                ],
                [
                    -6.677740316263225e-08,
                    0.9379091262817383,
                    -0.34688156843185425,
                    -0.6937626600265503
                ],
                [
                    0,
                    0,
                    0,
                    1
                ]
            ]
        },
        {
            "file_path": "025.png",
            "camera_angle_x": 0.6981317007977318,
            "transform_matrix": [
                [
                    0.25142619013786316,
                    -0.3099282383918762,
                    -0.9169129133224487,
                    -1.833825945854187
                ],
                [
                    -0.9678764939308167,
                    -0.08051034808158875,
                    -0.23818732798099518,
                    -0.4763745069503784
                ],
                [
                    -3.856264640944573e-09,
                    0.9473450183868408,
                    -0.3202146589756012,
                    -0.6404293179512024
                ],
                [
                    0,
                    0,
                    0,
                    1
                ]
            ]
        },
        {
            "file_path": "026.png",
            "camera_angle_x": 0.6981317007977318,
            "transform_matrix": [
                [
                    -0.9678766131401062,
                    -0.07380563765764236,
                    -0.24034936726093292,
                    -0.48069870471954346
                ],
                [
                    -0.2514261305332184,
                    0.28411808609962463,
                    0.9252361059188843,
                    1.850472092628479
                ],
                [
                    -2.7615485009846452e-08,
                    0.9559444189071655,
                    -0.29354795813560486,
                    -0.5870959758758545
                ],
                [
                    0,
                    0,
                    0,
                    1
                ]
            ]
        },
        {
            "file_path": "027.png",
            "camera_angle_x": 0.6981317007977318,
            "transform_matrix": [
                [
                    0.9678764939308167,
                    0.06710094213485718,
                    0.24230678379535675,
                    0.48461341857910156
                ],
                [
                    0.25142616033554077,
                    -0.2583085298538208,
                    -0.9327712655067444,
                    -1.8655420541763306
                ],
                [
                    1.4042893070609352e-08,
                    0.9637296199798584,
                    -0.26688167452812195,
                    -0.5337626338005066
                ],
                [
                    0,
                    0,
                    0,
                    1
                ]
            ]
        },
        {
            "file_path": "028.png",
            "camera_angle_x": 0.6981317007977318,
            "transform_matrix": [
                [
                    -0.8621771335601807,
                    0.12169437855482101,
                    0.49177342653274536,
                    0.983546793460846
                ],
                [
                    0.5066069960594177,
                    0.20710743963718414,
                    0.8369324207305908,
                    1.6738648414611816
                ],
                [
                    2.690876854671842e-08,
                    0.9707198739051819,
                    -0.240214541554451,
                    -0.4804293215274811
                ],
                [
                    0,
                    0,
                    0,
                    1
                ]
            ]
        },
        {
            "file_path": "029.png",
            "camera_angle_x": 0.6981317007977318,
            "transform_matrix": [
                [
                    0.8621771335601807,
                    -0.10818497836589813,
                    -0.49492087960243225,
                    -0.989841639995575
                ],
                [
                    -0.5066069960594177,
                    -0.18411649763584137,
                    -0.8422890305519104,
                    -1.6845778226852417
                ],
                [
                    2.7768578547693323e-09,
                    0.9769327044487,
                    -0.21354831755161285,
                    -0.4270959794521332
                ],
                [
                    0,
                    0,
                    0,
                    1
                ]
            ]
        },
        {
            "file_path": "030.png",
            "camera_angle_x": 0.6981317007977318,
            "transform_matrix": [
                [
                    -0.5066070556640625,
                    -0.1611247956752777,
                    -0.8469877243041992,
                    -1.6939754486083984
                ],
                [
                    -0.8621771335601807,
                    0.09467524290084839,
                    0.4976818561553955,
                    0.9953635931015015
                ],
                [
                    -8.5604860089461e-08,
                    0.9823825359344482,
                    -0.18688130378723145,
                    -0.3737626373767853
                ],
                [
                    0,
                    0,
                    0,
                    1
                ]
            ]
        },
        {
            "file_path": "031.png",
            "camera_angle_x": 0.6981317007977318,
            "transform_matrix": [
                [
                    0.5066068768501282,
                    0.13813340663909912,
                    0.8510397672653198,
                    1.70207941532135
                ],
                [
                    0.8621771931648254,
                    -0.08116596937179565,
                    -0.5000627040863037,
                    -1.0001254081726074
                ],
                [
                    3.908417767206629e-08,
                    0.9870822429656982,
                    -0.16021475195884705,
                    -0.32042932510375977
                ],
                [
                    0,
                    0,
                    0,
                    1
                ]
            ]
        },
        {
            "file_path": "032.png",
            "camera_angle_x": 0.6981317007977318,
            "transform_matrix": [
                [
                    0.23451580107212067,
                    0.12982362508773804,
                    0.9634044766426086,
                    1.9268089532852173
                ],
                [
                    0.9721122980117798,
                    -0.031319111585617065,
                    -0.2324150800704956,
                    -0.4648301899433136
                ],
                [
                    1.2899167955993107e-08,
                    0.9910423159599304,
                    -0.13354796171188354,
                    -0.26709598302841187
                ],
                [
                    0,
                    0,
                    0,
                    1
                ]
            ]
        },
        {
            "file_path": "033.png",
            "camera_angle_x": 0.6981317007977318,
            "transform_matrix": [
                [
                    -0.23451583087444305,
                    -0.10390061140060425,
                    -0.9665439128875732,
                    -1.933087706565857
                ],
                [
                    -0.9721123576164246,
                    0.025065256282687187,
                    0.2331724315881729,
                    0.4663449227809906
                ],
                [
                    -4.0586904503925325e-08,
                    0.9942718148231506,
                    -0.10688132792711258,
                    -0.21376264095306396
                ],
                [
                    0,
                    0,
                    0,
                    1
                ]
            ]
        },
        {
            "file_path": "034.png",
            "camera_angle_x": 0.6981317007977318,
            "transform_matrix": [
                [
                    -0.9721122980117798,
                    0.01881161890923977,
                    0.23376011848449707,
                    0.46752020716667175
                ],
                [
                    0.23451581597328186,
                    0.07797768712043762,
                    0.9689797759056091,
                    1.9379595518112183
                ],
                [
                    3.790749047993813e-09,
                    0.9967775940895081,
                    -0.08021470904350281,
                    -0.16042931377887726
                ],
                [
                    0,
                    0,
                    0,
                    1
                ]
            ]
        },
        {
            "file_path": "035.png",
            "camera_angle_x": 0.6981317007977318,
            "transform_matrix": [
                [
                    0.9721122980117798,
                    -0.012557859532535076,
                    -0.23417936265468597,
                    -0.46835869550704956
                ],
                [
                    -0.23451583087444305,
                    -0.052054788917303085,
                    -0.9707176089286804,
                    -1.9414352178573608
                ],
                [
                    -1.4918938973096374e-08,
                    0.9985653162002563,
                    -0.053548119962215424,
                    -0.10709597915410995
                ],
                [
                    0,
                    0,
                    0,
                    1
                ]
            ]
        },
        {
            "file_path": "036.png",
            "camera_angle_x": 0.6981317007977318,
            "transform_matrix": [
                [
                    -0.5215594172477722,
                    0.02293548174202442,
                    0.8529066443443298,
                    1.7058131694793701
                ],
                [
                    0.8532149791717529,
                    0.014020254835486412,
                    0.5213709473609924,
                    1.0427420139312744
                ],
                [
                    -7.114122979601234e-08,
                    0.9996386170387268,
                    -0.02688128501176834,
                    -0.05376264452934265
                ],
                [
                    0,
                    0,
                    0,
                    1
                ]
            ]
        },
        {
            "file_path": "037.png",
            "camera_angle_x": 0.6981317007977318,
            "transform_matrix": [
                [
                    0.5215594172477722,
                    -0.00018318218644708395,
                    -0.8532149791717529,
                    -1.7064298391342163
                ],
                [
                    -0.8532150387763977,
                    -0.00011212383105885237,
                    -0.5215595364570618,
                    -1.043118953704834
                ],
                [
                    -3.5818686683342094e-08,
                    1.0000001192092896,
                    -0.00021482321608345956,
                    -0.0004293123201932758
                ],
                [
                    0,
                    0,
                    0,
                    1
                ]
            ]
        },
        {
            "file_path": "038.png",
            "camera_angle_x": 0.6981317007977318,
            "transform_matrix": [
                [
                    -0.8532149195671082,
                    0.0045987507328391075,
                    -0.5215392112731934,
                    -1.0430784225463867
                ],
                [
                    -0.521559476852417,
                    -0.007523084990680218,
                    0.853181779384613,
                    1.706363558769226
                ],
                [
                    -2.020220790655003e-08,
                    0.9999611377716064,
                    0.008817355148494244,
                    0.017634673044085503
                ],
                [
                    0,
                    0,
                    0,
                    1
                ]
            ]
        },
        {
            "file_path": "039.png",
            "camera_angle_x": 0.6981317007977318,
            "transform_matrix": [
                [
                    0.8532149195671082,
                    -0.009234867990016937,
                    0.5214776992797852,
                    1.0429553985595703
                ],
                [
                    0.5215594172477722,
                    0.0151072321459651,
                    -0.8530811667442322,
                    -1.7061623334884644
                ],
                [
                    1.0882368783882157e-08,
                    0.9998432397842407,
                    0.01770625077188015,
                    0.03541245311498642
                ],
                [
                    0,
                    0,
                    0,
                    1
                ]
            ]
        },
        {
            "file_path": "040.png",
            "camera_angle_x": 0.6981317007977318,
            "transform_matrix": [
                [
                    -0.15534700453281403,
                    -0.026272304356098175,
                    0.9875105619430542,
                    1.9750211238861084
                ],
                [
                    0.9878599643707275,
                    -0.0041314889676868916,
                    0.15529203414916992,
                    0.3105839490890503
                ],
                [
                    -6.096339433270259e-09,
                    0.9996463060379028,
                    0.026595154777169228,
                    0.05319022759795189
                ],
                [
                    0,
                    0,
                    0,
                    1
                ]
            ]
        },
        {
            "file_path": "041.png",
            "camera_angle_x": 0.6981317007977318,
            "transform_matrix": [
                [
                    0.15534672141075134,
                    0.03505324944853783,
                    -0.9872381091117859,
                    -1.9744757413864136
                ],
                [
                    -0.9878602027893066,
                    0.005512086674571037,
                    -0.15524913370609283,
                    -0.3104981780052185
                ],
                [
                    -5.641183520310733e-09,
                    0.9993705153465271,
                    0.03548378497362137,
                    0.07096800953149796
                ],
                [
                    0,
                    0,
                    0,
                    1
                ]
            ]
        },
        {
            "file_path": "042.png",
            "camera_angle_x": 0.6981317007977318,
            "transform_matrix": [
                [
                    -0.9878599643707275,
                    0.006893200799822807,
                    -0.15519389510154724,
                    -0.31038782000541687
                ],
                [
                    -0.15534691512584686,
                    -0.04383433237671852,
                    0.9868869781494141,
                    1.9737739562988281
                ],
                [
                    -1.2471274679626276e-08,
                    0.9990150332450867,
                    0.0443730354309082,
                    0.08874578773975372
                ],
                [
                    0,
                    0,
                    0,
                    1
                ]
            ]
        },
        {
            "file_path": "043.png",
            "camera_angle_x": 0.6981317007977318,
            "transform_matrix": [
                [
                    0.9878599643707275,
                    -0.008274042047560215,
                    0.1551264226436615,
                    0.3102528154850006
                ],
                [
                    0.15534691512584686,
                    0.05261506140232086,
                    -0.986457884311676,
                    -1.972915530204773
                ],
                [
                    -2.699904300129674e-09,
                    0.9985806345939636,
                    0.053261660039424896,
                    0.10652356594800949
                ],
                [
                    0,
                    0,
                    0,
                    1
                ]
            ]
        },
        {
            "file_path": "044.png",
            "camera_angle_x": 0.6981317007977318,
            "transform_matrix": [
                [
                    -0.8083694577217102,
                    -0.036586564034223557,
                    0.5875375866889954,
                    1.1750751733779907
                ],
                [
                    0.5886756181716919,
                    -0.05024075508117676,
                    0.8068066239356995,
                    1.6136131286621094
                ],
                [
                    1.9563033859526513e-08,
                    0.9980668425559998,
                    0.06215061619877815,
                    0.12430133670568466
                ],
                [
                    0,
                    0,
                    0,
                    1
