{
    "aabb": [
        [
            -0.5,
            -0.5,
            -0.5
        ],
        [
            0.5,
            0.5,
            0.5
        ]
    ],
    "scale": 0.058501462402660846,
    "offset": [
        0.0008398890495300293,
        0.1283966302871704,
        -0.5122730731964111
    ],
    "frames": [
        {
            "file_path": "000.png",
            "camera_angle_x": 0.6981317007977318,
            "transform_matrix": [
                [
                    0.03948206827044487,
                    0.9746836423873901,
                    0.2200750708580017,
                    0.44014978408813477
                ],
                [
                    0.9992203712463379,
                    -0.03851265087723732,
                    -0.008695944212377071,
                    -0.017391614615917206
                ],
                [
                    -1.3485377792221698e-07,
                    0.2202468067407608,
                    -0.9754443168640137,
                    -1.9508883953094482
                ],
                [
                    0,
                    0,
                    0,
                    1
                ]
            ]
        },
        {
            "file_path": "001.png",
            "camera_angle_x": 0.6981317007977318,
            "transform_matrix": [
                [
                    -0.03948216512799263,
                    -0.9480378031730652,
                    -0.315698504447937,
                    -0.631397008895874
                ],
                [
                    -0.9992203116416931,
                    0.037459734827280045,
                    0.01247418113052845,
                    0.024948354810476303
                ],
                [
                    -3.909648604860649e-09,
                    0.3159448504447937,
                    -0.9487776160240173,
                    -1.8975551128387451
                ],
                [
                    0,
                    0,
                    0,
                    1
                ]
            ]
        },
        {
            "file_path": "002.png",
            "camera_angle_x": 0.6981317007977318,
            "transform_matrix": [
                [
                    -0.9992203712463379,
                    0.036406904458999634,
                    0.015276653692126274,
                    0.030553307384252548
                ],
                [
                    0.03948213532567024,
                    0.9213918447494507,
                    0.3866240680217743,
                    0.7732480764389038
                ],
                [
                    9.279568780051761e-10,
                    0.3869257867336273,
                    -0.922110915184021,
                    -1.8442217111587524
                ],
                [
                    0,
                    0,
                    0,
                    1
                ]
            ]
        },
        {
            "file_path": "003.png",
            "camera_angle_x": 0.6981317007977318,
            "transform_matrix": [
                [
                    0.9992202520370483,
                    -0.035354044288396835,
                    -0.01757640950381756,
                    -0.03515281900763512
                ],
                [
                    -0.039482131600379944,
                    -0.8947460651397705,
                    -0.4448266327381134,
                    -0.8896532654762268
                ],
                [
                    -2.4135399234737065e-10,
                    0.4451737701892853,
                    -0.8954442739486694,
                    -1.7908884286880493
                ],
                [
                    0,
                    0,
                    0,
                    1
                ]
            ]
        },
        {
            "file_path": "004.png",
            "camera_angle_x": 0.6981317007977318,
            "transform_matrix": [
                [
                    -0.6786373257637024,
                    0.6380941271781921,
                    0.3637131452560425,
                    0.727426290512085
                ],
                [
                    0.7344735264778137,
                    0.5895849466323853,
                    0.3360629081726074,
                    0.6721258759498596
                ],
                [
                    -1.3884640992500863e-08,
                    0.49520251154899597,
                    -0.8687775135040283,
                    -1.7375551462173462
                ],
                [
                    0,
                    0,
                    0,
                    1
                ]
            ]
        },
        {
            "file_path": "005.png",
            "camera_angle_x": 0.6981317007977318,
            "transform_matrix": [
                [
                    0.6786373853683472,
                    -0.6185081005096436,
                    -0.3961047828197479,
                    -0.7922096252441406
                ],
                [
                    -0.734473466873169,
                    -0.5714879631996155,
                    -0.36599212884902954,
                    -0.7319842576980591
                ],
                [
                    -9.878487361447696e-09,
                    0.5393044352531433,
                    -0.8421108722686768,
                    -1.6842217445373535
                ],
                [
                    0,
                    0,
                    0,
                    1
                ]
            ]
        },
        {
            "file_path": "006.png",
            "camera_angle_x": 0.6981317007977318,
            "transform_matrix": [
                [
                    -0.7344735860824585,
                    -0.5533908605575562,
                    -0.39281943440437317,
                    -0.7856389880180359
                ],
                [
                    -0.6786373257637024,
                    0.5989223122596741,
                    0.4251393973827362,
                    0.850278913974762
                ],
                [
                    4.4217127737056217e-08,
                    0.5788355469703674,
                    -0.81544429063797,
                    -1.6308884620666504
                ],
                [
                    0,
                    0,
                    0,
                    1
                ]
            ]
        },
        {
            "file_path": "007.png",
            "camera_angle_x": 0.6981317007977318,
            "transform_matrix": [
                [
                    0.734473466873169,
                    0.5352939367294312,
                    0.4171440005302429,
                    0.8342879414558411
                ],
                [
                    0.6786374449729919,
                    -0.5793361067771912,
                    -0.45146527886390686,
                    -0.9029305577278137
                ],
                [
                    -5.135814618029144e-08,
                    0.6146788001060486,
                    -0.7887774705886841,
                    -1.5775550603866577
                ],
                [
                    0,
                    0,
                    0,
                    1
                ]
            ]
        },
        {
            "file_path": "008.png",
            "camera_angle_x": 0.6981317007977318,
            "transform_matrix": [
                [
                    -0.34590843319892883,
                    0.715064525604248,
                    0.6074785590171814,
                    1.2149571180343628
                ],
                [
                    0.9382683038711548,
                    0.263620525598526,
                    0.22395716607570648,
                    0.4479142725467682
                ],
                [
                    -4.189386615394142e-09,
                    0.6474465131759644,
                    -0.7621109485626221,
                    -1.5242217779159546
                ],
                [
                    0,
                    0,
                    0,
                    1
                ]
            ]
        },
        {
            "file_path": "009.png",
            "camera_angle_x": 0.6981317007977318,
            "transform_matrix": [
                [
                    0.3459082841873169,
                    -0.6900439858436584,
                    -0.6357568502426147,
                    -1.27151358127594
                ],
                [
                    -0.9382683634757996,
                    -0.2543962597846985,
                    -0.23438240587711334,
                    -0.4687647521495819
                ],
                [
                    2.178027003196803e-08,
                    0.6775853633880615,
                    -0.735444188117981,
                    -1.470888376235962
                ],
                [
                    0,
                    0,
                    0,
                    1
                ]
            ]
        },
        {
            "file_path": "010.png",
            "camera_angle_x": 0.6981317007977318,
            "transform_matrix": [
                [
                    -0.9382683634757996,
                    -0.24517205357551575,
                    -0.24401478469371796,
                    -0.4880296289920807
                ],
                [
                    -0.3459082841873169,
                    0.6650235652923584,
                    0.6618844866752625,
                    1.3237690925598145
                ],
                [
                    9.734630879165707e-09,
                    0.7054319977760315,
                    -0.7087776064872742,
                    -1.4175550937652588
                ],
                [
                    0,
                    0,
                    0,
                    1
                ]
            ]
        },
        {
            "file_path": "011.png",
            "camera_angle_x": 0.6981317007977318,
            "transform_matrix": [
                [
                    0.9382683038711548,
                    0.23594783246517181,
                    0.2529450058937073,
                    0.5058900117874146
                ],
                [
                    0.3459083139896393,
                    -0.6400030255317688,
                    -0.6861075162887573,
                    -1.3722150325775146
                ],
                [
                    -8.446381372095857e-09,
                    0.7312487363815308,
                    -0.6821109056472778,
                    -1.3642218112945557
                ],
                [
                    0,
                    0,
                    0,
                    1
                ]
            ]
        },
        {
            "file_path": "012.png",
            "camera_angle_x": 0.6981317007977318,
            "transform_matrix": [
                [
                    -0.908050000667572,
                    0.2745405435562134,
                    0.31634268164634705,
                    0.6326853632926941
                ],
                [
                    0.4188618063926697,
                    0.595176100730896,
                    0.6857989430427551,
                    1.3715978860855103
                ],
                [
                    7.262988432898965e-09,
                    0.7552435994148254,
                    -0.6554442048072815,
                    -1.310888409614563
                ],
                [
                    0,
                    0,
                    0,
                    1
                ]
            ]
        },
        {
            "file_path": "013.png",
            "camera_angle_x": 0.6981317007977318,
            "transform_matrix": [
                [
                    0.908050000667572,
                    -0.26337096095085144,
                    -0.3257007300853729,
                    -0.6514014601707458
                ],
                [
                    -0.41886183619499207,
                    -0.5709614753723145,
                    -0.7060862183570862,
                    -1.412172555923462
                ],
                [
                    2.9323359740374144e-08,
                    0.7775852084159851,
                    -0.6287776231765747,
                    -1.2575551271438599
                ],
                [
                    0,
                    0,
                    0,
                    1
                ]
            ]
        },
        {
            "file_path": "014.png",
            "camera_angle_x": 0.6981317007977318,
            "transform_matrix": [
                [
                    -0.4188617765903473,
                    -0.5467467904090881,
                    -0.7249984741210938,
                    -1.4499969482421875
                ],
                [
                    -0.9080500602722168,
                    0.25220122933387756,
                    0.3344244360923767,
                    0.6688489317893982
                ],
                [
                    1.9194514422338216e-08,
                    0.7984125018119812,
                    -0.6021109223365784,
                    -1.2042217254638672
                ],
                [
                    0,
                    0,
                    0,
                    1
                ]
            ]
        },
        {
            "file_path": "015.png",
            "camera_angle_x": 0.6981317007977318,
            "transform_matrix": [
                [
                    0.41886186599731445,
                    0.5225321054458618,
                    0.742640495300293,
                    1.4852811098098755
                ],
                [
                    0.9080499410629272,
                    -0.24103158712387085,
                    -0.34256237745285034,
                    -0.6851246953010559
                ],
                [
                    1.2506196966910466e-08,
                    0.8178409934043884,
                    -0.5754441618919373,
                    -1.150888442993164
                ],
                [
                    0,
                    0,
                    0,
                    1
                ]
            ]
        },
        {
            "file_path": "016.png",
            "camera_angle_x": 0.6981317007977318,
            "transform_matrix": [
                [
                    -0.15621472895145416,
                    0.5420403480529785,
                    0.825705349445343,
                    1.651410698890686
                ],
                [
                    0.987723171710968,
                    0.08572714775800705,
                    0.1305905431509018,
                    0.261181116104126
                ],
                [
                    -4.5388631519927e-08,
                    0.8359684348106384,
                    -0.5487776398658752,
                    -1.097555160522461
                ],
                [
                    0,
                    0,
                    0,
                    1
                ]
            ]
        },
        {
            "file_path": "017.png",
            "camera_angle_x": 0.6981317007977318,
            "transform_matrix": [
                [
                    0.15621477365493774,
                    -0.5157009959220886,
                    -0.8424069285392761,
                    -1.6848138570785522
                ],
                [
                    -0.9877231121063232,
                    -0.08156139403581619,
                    -0.13323211669921875,
                    -0.2664640545845032
                ],
                [
                    5.1239013032500225e-08,
                    0.8528776168823242,
                    -0.5221108794212341,
                    -1.0442217588424683
                ],
                [
                    0,
                    0,
                    0,
                    1
                ]
            ]
        },
        {
            "file_path": "018.png",
            "camera_angle_x": 0.6981317007977318,
            "transform_matrix": [
                [
                    -0.9877231121063232,
                    -0.07739567011594772,
                    -0.13569432497024536,
                    -0.27138862013816833
                ],
                [
                    -0.15621472895145416,
                    0.4893616735935211,
                    0.8579756021499634,
                    1.7159510850906372
                ],
                [
                    4.707773282319749e-09,
                    0.8686397671699524,
                    -0.4954442083835602,
                    -0.9908884167671204
                ],
                [
                    0,
                    0,
                    0,
                    1
                ]
            ]
        },
        {
            "file_path": "019.png",
            "camera_angle_x": 0.6981317007977318,
            "transform_matrix": [
                [
                    0.9877231121063232,
                    0.07322996109724045,
                    0.13798700273036957,
                    0.27597397565841675
                ],
                [
                    0.15621472895145416,
                    -0.4630226194858551,
                    -0.8724719285964966,
                    -1.7449437379837036
                ],
                [
                    -1.5408163633878758e-09,
                    0.8833163380622864,
                    -0.46877774596214294,
                    -0.9375550746917725
                ],
                [
                    0,
                    0,
                    0,
                    1
                ]
            ]
        },
        {
            "file_path": "020.png",
            "camera_angle_x": 0.6981317007977318,
            "transform_matrix": [
                [
                    -0.8088861703872681,
                    0.259945809841156,
                    0.5273815989494324,
                    1.0547630786895752
                ],
                [
                    0.5879652500152588,
                    0.3576173186302185,
                    0.7255389094352722,
                    1.4510778188705444
                ],
                [
                    1.299710739033344e-08,
                    0.896960437297821,
                    -0.4421108365058899,
                    -0.8842217922210693
                ],
                [
                    0,
                    0,
                    0,
                    1
                ]
            ]
        },
        {
            "file_path": "021.png",
            "camera_angle_x": 0.6981317007977318,
            "transform_matrix": [
                [
                    0.8088861703872681,
                    -0.2442668229341507,
                    -0.5348241329193115,
                    -1.069648265838623
                ],
                [
                    -0.5879652500152588,
                    -0.3360472023487091,
                    -0.7357780337333679,
                    -1.4715559482574463
                ],
                [
                    3.0785585636294854e-08,
                    0.9096186757087708,
                    -0.41544434428215027,
                    -0.8308884501457214
                ],
                [
                    0,
                    0,
                    0,
                    1
                ]
            ]
        },
        {
            "file_path": "022.png",
            "camera_angle_x": 0.6981317007977318,
            "transform_matrix": [
                [
                    -0.5879651308059692,
                    -0.31447678804397583,
                    -0.7452524900436401,
                    -1.4905048608779907
                ],
                [
                    -0.8088862299919128,
                    0.2285875827074051,
                    0.5417109727859497,
                    1.0834219455718994
                ],
                [
                    -8.659633010665857e-08,
                    0.9213316440582275,
                    -0.3887774646282196,
                    -0.7775551080703735
                ],
                [
                    0,
                    0,
                    0,
                    1
                ]
            ]
        },
        {
            "file_path": "023.png",
            "camera_angle_x": 0.6981317007977318,
            "transform_matrix": [
                [
                    0.5879652500152588,
                    0.2929064929485321,
                    0.7539911866188049,
                    1.5079823732376099
                ],
                [
                    0.8088862299919128,
                    -0.21290870010852814,
                    -0.5480630397796631,
                    -1.0961259603500366
                ],
                [
                    2.741739990597125e-08,
                    0.9321351051330566,
                    -0.3621109426021576,
                    -0.7242217659950256
                ],
                [
                    0,
                    0,
                    0,
                    1
                ]
            ]
        },
        {
            "file_path": "024.png",
            "camera_angle_x": 0.6981317007977318,
            "transform_matrix": [
                [
                    -0.5223088264465332,
                    0.28605222702026367,
                    0.8033477663993835,
                    1.606695532798767
                ],
                [
                    0.8527564406394958,
                    0.17520549893379211,
                    0.4920462667942047,
                    0.9840925931930542
                ],
                [
                    -1.4403685355546259e-08,
                    0.9420600533485413,
                    -0.33544424176216125,
                    -0.6708884239196777
                ],
                [
                    0,
                    0,
                    0,
                    1
                ]
            ]
        },
        {
            "file_path": "025.png",
            "camera_angle_x": 0.6981317007977318,
            "transform_matrix": [
                [
                    0.5223087668418884,
                    -0.2633119821548462,
                    -0.8110859990119934,
                    -1.6221716403961182
                ],
                [
                    -0.8527565598487854,
                    -0.1612773835659027,
                    -0.4967859387397766,
                    -0.9935716986656189
                ],
                [
                    -2.003524457450112e-09,
                    0.9511345028877258,
                    -0.30877768993377686,
                    -0.6175550818443298
                ],
                [
                    0,
                    0,
                    0,
                    1
                ]
            ]
        },
        {
            "file_path": "026.png",
            "camera_angle_x": 0.6981317007977318,
            "transform_matrix": [
                [
                    -0.8527563810348511,
                    -0.14734899997711182,
                    -0.5010936260223389,
                    -1.0021872520446777
                ],
                [
                    -0.522308886051178,
                    0.2405717968940735,
                    0.8181189894676208,
                    1.6362379789352417
                ],
                [
                    -2.2453322756632588e-08,
                    0.9593818187713623,
                    -0.2821108400821686,
                    -0.5642217397689819
                ],
                [
                    0,
                    0,
                    0,
                    1
                ]
            ]
        },
        {
            "file_path": "027.png",
            "camera_angle_x": 0.6981317007977318,
            "transform_matrix": [
                [
                    0.8527563810348511,
                    0.13342082500457764,
                    0.504980742931366,
                    1.0099612474441528
                ],
                [
                    0.5223089456558228,
                    -0.21783198416233063,
                    -0.8244653344154358,
                    -1.648930311203003
                ],
                [
                    -1.164491258975886e-08,
                    0.9668239951133728,
                    -0.2554445266723633,
                    -0.5108884572982788
                ],
                [
                    0,
                    0,
                    0,
                    1
                ]
            ]
        },
        {
            "file_path": "028.png",
            "camera_angle_x": 0.6981317007977318,
            "transform_matrix": [
                [
                    -0.9723179936408997,
                    0.053456541150808334,
                    0.2274646908044815,
                    0.454929381608963
                ],
                [
                    0.2336616963148117,
                    0.2224445343017578,
                    0.9465308785438538,
                    1.893061637878418
                ],
                [
                    -1.707416075191759e-08,
                    0.9734787344932556,
                    -0.22877761721611023,
                    -0.4575551152229309
                ],
                [
                    0,
                    0,
                    0,
                    1
                ]
            ]
        },
        {
            "file_path": "029.png",
            "camera_angle_x": 0.6981317007977318,
            "transform_matrix": [
                [
                    0.9723179340362549,
                    -0.047225575894117355,
                    -0.22883959114551544,
                    -0.4576790928840637
                ],
                [
                    -0.23366175591945648,
                    -0.19651642441749573,
                    -0.9522521495819092,
                    -1.9045038223266602
                ],
                [
                    -1.814249017684233e-08,
                    0.9793629050254822,
                    -0.20211125910282135,
                    -0.404221773147583
                ],
                [
                    0,
                    0,
                    0,
                    1
                ]
            ]
        },
        {
            "file_path": "030.png",
            "camera_angle_x": 0.6981317007977318,
            "transform_matrix": [
                [
                    -0.23366177082061768,
                    -0.17058755457401276,
                    -0.9572367072105408,
                    -1.9144734144210815
                ],
                [
                    -0.9723179936408997,
                    0.040994562208652496,
                    0.23003751039505005,
                    0.46007493138313293
                ],
                [
                    -9.952870527740743e-09,
                    0.984489381313324,
                    -0.17544424533843994,
                    -0.3508884310722351
                ],
                [
                    0,
                    0,
                    0,
                    1
                ]
            ]
        },
        {
            "file_path": "031.png",
            "camera_angle_x": 0.6981317007977318,
            "transform_matrix": [
                [
                    0.23366166651248932,
                    0.1446589082479477,
                    0.9614967107772827,
                    1.9229934215545654
                ],
                [
                    0.9723179340362549,
                    -0.034763582050800323,
                    -0.2310611456632614,
                    -0.4621224105358124
                ],
                [
                    4.495189287467838e-08,
                    0.9888706803321838,
                    -0.14877735078334808,
                    -0.2975550889968872
                ],
                [
                    0,
                    0,
                    0,
                    1
                ]
            ]
        },
        {
            "file_path": "032.png",
            "camera_angle_x": 0.6981317007977318,
            "transform_matrix": [
                [
                    -0.0586487352848053,
                    0.12190070003271103,
                    0.9908080101013184,
                    1.9816160202026367
                ],
                [
                    0.9982786774635315,
                    0.007161666639149189,
                    0.058209847658872604,
                    0.11641959846019745
                ],
                [
                    -5.241766132257908e-09,
                    0.9925164580345154,
                    -0.12211088091135025,
                    -0.2442217618227005
                ],
                [
                    0,
                    0,
                    0,
                    1
                ]
            ]
        },
        {
            "file_path": "033.png",
            "camera_angle_x": 0.6981317007977318,
            "transform_matrix": [
                [
                    0.05864851176738739,
                    -0.09527985006570816,
                    -0.9937214851379395,
                    -1.9874426126480103
                ],
                [
                    -0.998278796672821,
                    -0.005597734823822975,
                    -0.05838090553879738,
                    -0.11676190793514252
                ],
                [
                    6.379163153269474e-08,
                    0.9954349398612976,
                    -0.09544426947832108,
                    -0.1908884346485138
                ],
                [
                    0,
                    0,
                    0,
                    1
                ]
            ]
        },
        {
            "file_path": "034.png",
            "camera_angle_x": 0.6981317007977318,
            "transform_matrix": [
                [
                    -0.9982788562774658,
                    -0.0040337098762393,
                    -0.05850982666015625,
                    -0.1170196384191513
                ],
                [
                    -0.05864870548248291,
                    0.06865902245044708,
                    0.995914876461029,
                    1.991829514503479
                ],
                [
                    1.0651006743245262e-09,
                    0.9976321458816528,
                    -0.06877759844064713,
                    -0.1375551074743271
                ],
                [
                    0,
                    0,
                    0,
                    1
                ]
            ]
        },
        {
            "file_path": "035.png",
            "camera_angle_x": 0.6981317007977318,
            "transform_matrix": [
                [
                    0.9982786774635315,
                    0.0024697480257600546,
                    0.058596670627593994,
                    0.11719334125518799
                ],
                [
                    0.058648694306612015,
                    -0.04203830659389496,
                    -0.9973931312561035,
                    -1.994786262512207
                ],
                [
                    -5.056533858294188e-09,
                    0.9991129636764526,
                    -0.04211079329252243,
                    -0.08422176539897919
                ],
                [
                    0,
                    0,
                    0,
                    1
                ]
            ]
        },
        {
            "file_path": "036.png",
            "camera_angle_x": 0.6981317007977318,
            "transform_matrix": [
                [
                    -0.7473605871200562,
                    0.010261420160531998,
                    0.6643394827842712,
                    1.3286789655685425
                ],
                [
                    0.6644187569618225,
                    0.01154240034520626,
                    0.7472714185714722,
                    1.4945427179336548
                ],
                [
                    -3.108394963646788e-08,
                    0.9998807907104492,
                    -0.015444277785718441,
                    -0.03088843636214733
                ],
                [
                    0,
                    0,
                    0,
                    1
                ]
            ]
        },
        {
            "file_path": "037.png",
            "camera_angle_x": 0.6981317007977318,
            "transform_matrix": [
                [
                    0.7473604679107666,
                    0.002485420787706971,
                    -0.66441410779953,
                    -1.32882821559906
                ],
                [
                    -0.6644187569618225,
                    0.0027956669218838215,
                    -0.7473552823066711,
                    -1.4947105646133423
                ],
                [
                    -6.916032191384147e-09,
                    0.9999930262565613,
                    0.003740729298442602,
                    0.007481632754206657
                ],
                [
                    0,
                    0,
                    0,
                    1
                ]
            ]
        },
        {
            "file_path": "038.png",
            "camera_angle_x": 0.6981317007977318,
            "transform_matrix": [
                [
                    -0.6644188165664673,
                    0.009438924491405487,
                    -0.747300922870636,
                    -1.494601845741272
                ],
                [
                    -0.7473605275154114,
                    -0.008391467854380608,
                    0.6643657684326172,
                    1.3287315368652344
                ],
                [
                    -3.913573465297304e-08,
                    0.9999202489852905,
                    0.012629697099328041,
                    0.025259410962462425
                ],
                [
                    0,
                    0,
                    0,
                    1
                ]
            ]
        },
        {
            "file_path": "039.png",
            "camera_angle_x": 0.6981317007977318,
            "transform_matrix": [
                [
                    0.6644187569618225,
                    -0.016082148998975754,
                    0.7471874952316284,
                    1.4943749904632568
                ],
                [
                    0.7473605275154114,
                    0.014297292567789555,
                    -0.664264976978302,
                    -1.3285298347473145
                ],
                [
                    3.1084290696981043e-09,
                    0.9997684955596924,
                    0.021518530324101448,
                    0.043037187308073044
                ],
                [
                    0,
                    0,
                    0,
                    1
                ]
            ]
        },
        {
            "file_path": "040.png",
            "camera_angle_x": 0.6981317007977318,
            "transform_matrix": [
                [
                    -0.436209112405777,
                    -0.02736203558743,
                    0.8994292616844177,
                    1.7988585233688354
                ],
                [
                    0.8998453617095947,
                    -0.013263960368931293,
                    0.4360073506832123,
                    0.8720146417617798
                ],
                [
                    -8.486012603725612e-08,
                    0.9995376467704773,
                    0.030407411977648735,
                    0.06081496551632881
                ],
                [
                    0,
                    0,
                    0,
                    1
                ]
            ]
        },
        {
            "file_path": "041.png",
            "camera_angle_x": 0.6981317007977318,
            "transform_matrix": [
                [
                    0.4362089931964874,
                    0.03536054864525795,
                    -0.8991503715515137,
                    -1.7983006238937378
                ],
                [
                    -0.8998454213142395,
                    0.017141373828053474,
                    -0.4358721673488617,
                    -0.8717442154884338
                ],
                [
                    6.615111658447859e-08,
                    0.9992277026176453,
                    0.03929620236158371,
                    0.07859273999929428
                ],
                [
                    0,
                    0,
                    0,
                    1
                ]
            ]
        },
        {
            "file_path": "042.png",
            "camera_angle_x": 0.6981317007977318,
            "transform_matrix": [
                [
                    -0.8998453617095947,
                    0.021018875762820244,
                    -0.435702383518219,
                    -0.8714047074317932
                ],
                [
                    -0.4362090528011322,
                    -0.043359339237213135,
                    0.8988001346588135,
                    1.797600269317627
                ],
                [
                    8.34646840530695e-09,
                    0.9988384246826172,
                    0.04818529263138771,
                    0.09637051820755005
                ],
                [
                    0,
                    0,
                    0,
                    1
                ]
            ]
        },
        {
            "file_path": "043.png",
            "camera_angle_x": 0.6981317007977318,
            "transform_matrix": [
                [
                    0.8998453617095947,
                    -0.02489624358713627,
                    0.4354979991912842,
                    0.8709959983825684
                ],
                [
                    0.4362090528011322,
                    0.05135780945420265,
                    -0.8983786106109619,
                    -1.7967571020126343
                ],
                [
                    1.4372602663570433e-08,
                    0.9983699917793274,
                    0.05707405135035515,
                    0.11414829641580582
                ],
                [
                    0,
                    0,
                    0,
                    1
                ]
            ]
        },
        {
            "file_path": "044.png",
            "camera_angle_x": 0.6981317007977318,
            "transform_matrix": [
                [
                    -0.9447332620620728,
                    -0.02162533439695835,
                    0.3271263837814331,
                    0.6542527079582214
                ],
                [
                    0.3278404176235199,
                    -0.0623173862695694,
                    0.9426756501197815,
                    1.8853511810302734
                ],
                [
                    -3.64646410844216e-08,
                    0.9978221654891968,
                    0.06596282124519348,
                    0.13192607462406158
                ],
                [
                    0,
                    0,
                    0,
                    1
                ]
