{
    "aabb": [
        [
            -0.5,
            -0.5,
            -0.5
        ],
        [
            0.5,
            0.5,
            0.5
        ]
    ],
    "scale": 0.5013827070647761,
    "offset": [
        0.005751371383666992,
        -0.06651794165372849,
        -0.05214683711528778
    ],
    "frames": [
        {
            "file_path": "000.png",
            "camera_angle_x": 0.7577386169459279,
            "transform_matrix": [
                [
                    0.2124709039926529,
                    0.9643515348434448,
                    0.15774159133434296,
                    0.369341105222702
                ],
                [
                    0.9771674871444702,
                    -0.20968446135520935,
                    -0.03429858759045601,
                    -0.08030795305967331
                ],
                [
                    5.0298663012426914e-08,
                    0.16142737865447998,
                    -0.9868847727775574,
                    -2.3107218742370605
                ],
                [
                    0,
                    0,
                    0,
                    1
                ]
            ]
        },
        {
            "file_path": "001.png",
            "camera_angle_x": 0.8132971631729787,
            "transform_matrix": [
                [
                    -0.2124709188938141,
                    -0.8014901876449585,
                    -0.5589897036552429,
                    -1.2239151000976562
                ],
                [
                    -0.9771673083305359,
                    0.1742725372314453,
                    0.12154427170753479,
                    0.26612284779548645
                ],
                [
                    -5.362020161214787e-09,
                    0.5720511674880981,
                    -0.8202178478240967,
                    -1.7958773374557495
                ],
                [
                    0,
                    0,
                    0,
                    1
                ]
            ]
        },
        {
            "file_path": "002.png",
            "camera_angle_x": 0.30185946802653907,
            "transform_matrix": [
                [
                    -0.9771673083305359,
                    0.13886073231697083,
                    0.16081559658050537,
                    0.926262617111206
                ],
                [
                    0.21247108280658722,
                    0.6386289596557617,
                    0.7396005988121033,
                    4.259937286376953
                ],
                [
                    -1.6841406491607813e-08,
                    0.7568822503089905,
                    -0.6535512804985046,
                    -3.7643117904663086
                ],
                [
                    0,
                    0,
                    0,
                    1
                ]
            ]
        },
        {
            "file_path": "003.png",
            "camera_angle_x": 1.117360301216812,
            "transform_matrix": [
                [
                    0.9771673679351807,
                    -0.10344889760017395,
                    -0.1855863332748413,
                    -0.30321136116981506
                ],
                [
                    -0.21247108280658722,
                    -0.4757676422595978,
                    -0.8535227179527283,
                    -1.3944873809814453
                ],
                [
                    -1.6638423971926386e-10,
                    0.8734662532806396,
                    -0.4868845045566559,
                    -0.7954730987548828
                ],
                [
                    0,
                    0,
                    0,
                    1
                ]
            ]
        },
        {
            "file_path": "004.png",
            "camera_angle_x": 0.8688008386155884,
            "transform_matrix": [
                [
                    -0.5407219529151917,
                    0.2693677842617035,
                    0.7969070672988892,
                    1.6398111581802368
                ],
                [
                    0.8412014245986938,
                    0.1731487512588501,
                    0.5122496485710144,
                    1.0540660619735718
                ],
                [
                    5.443635586743767e-08,
                    0.9473439455032349,
                    -0.32021796703338623,
                    -0.6589186787605286
                ],
                [
                    0,
                    0,
                    0,
                    1
                ]
            ]
        },
        {
            "file_path": "005.png",
            "camera_angle_x": 1.073898075287162,
            "transform_matrix": [
                [
                    0.5407218933105469,
                    -0.1291675716638565,
                    -0.8312253355979919,
                    -1.4073091745376587
                ],
                [
                    -0.8412014245986938,
                    -0.08302854001522064,
                    -0.5343093276023865,
                    -0.9046143889427185
                ],
                [
                    2.408406629683668e-08,
                    0.9881407022476196,
                    -0.15355129539966583,
                    -0.2599705159664154
                ],
                [
                    0,
                    0,
                    0,
                    1
                ]
            ]
        },
        {
            "file_path": "006.png",
            "camera_angle_x": 0.4441490717206522,
            "transform_matrix": [
                [
                    -0.8412015438079834,
                    0.002363902283832431,
                    -0.5407167673110962,
                    -2.126068592071533
                ],
                [
                    -0.5407219529151917,
                    -0.003677599597722292,
                    0.841193437576294,
                    3.307526111602783
                ],
                [
                    -3.742723464483788e-09,
                    0.9999905228614807,
                    0.004371690098196268,
                    0.01718970201909542
                ],
                [
                    0,
                    0,
                    0,
                    1
                ]
            ]
        },
        {
            "file_path": "007.png",
            "camera_angle_x": 0.8573352663585948,
            "transform_matrix": [
                [
                    0.8412013649940491,
                    -0.03240402042865753,
                    0.5397501587867737,
                    1.124568223953247
                ],
                [
                    0.5407219529151917,
                    0.05041081830859184,
                    -0.8396896123886108,
                    -1.7494914531707764
                ],
                [
                    4.8892559334490215e-08,
                    0.9982028007507324,
                    0.05992720648646355,
                    0.12485853582620621
                ],
                [
                    0,
                    0,
                    0,
                    1
                ]
            ]
        },
        {
            "file_path": "008.png",
            "camera_angle_x": 1.1989606883995465,
            "transform_matrix": [
                [
                    -0.17764812707901,
                    -0.11364605277776718,
                    0.9775099754333496,
                    1.5004044771194458
                ],
                [
                    0.9840940833091736,
                    -0.02051539346575737,
                    0.17645953595638275,
                    0.27085208892822266
                ],
                [
                    5.037244932282192e-08,
                    0.993309497833252,
                    0.11548289656639099,
                    0.17725761234760284
                ],
                [
                    0,
                    0,
                    0,
                    1
                ]
            ]
        },
        {
            "file_path": "009.png",
            "camera_angle_x": 1.189310115648306,
            "transform_matrix": [
                [
                    0.1776479333639145,
                    0.16831795871257782,
                    -0.9695928692817688,
                    -1.4988529682159424
                ],
                [
                    -0.9840941429138184,
                    0.030384531244635582,
                    -0.17503024637699127,
                    -0.2705720067024231
                ],
                [
                    -5.505640388037136e-08,
                    0.9852644205093384,
                    0.171038419008255,
                    0.26440122723579407
                ],
                [
                    0,
                    0,
                    0,
                    1
                ]
            ]
        },
        {
            "file_path": "010.png",
            "camera_angle_x": 1.1765993762957492,
            "transform_matrix": [
                [
                    -0.9840941429138184,
                    0.04025399684906006,
                    -0.17302733659744263,
                    -0.27001848816871643
                ],
                [
                    -0.17764808237552643,
                    -0.22298982739448547,
                    0.958497166633606,
                    1.4957866668701172
                ],
                [
                    1.0930733651548508e-08,
                    0.9739893674850464,
                    0.22659394145011902,
                    0.3536122441291809
                ],
                [
                    0,
                    0,
                    0,
                    1
                ]
            ]
        },
        {
            "file_path": "011.png",
            "camera_angle_x": 1.1126154276996294,
            "transform_matrix": [
                [
                    0.9840940833091736,
                    -0.05012333020567894,
                    0.1704302877187729,
                    0.2795109748840332
                ],
                [
                    0.17764805257320404,
                    0.2776617705821991,
                    -0.9441108107566833,
                    -1.5483709573745728
                ],
                [
                    -7.241534483171108e-09,
                    0.9593704342842102,
                    0.28214961290359497,
                    0.46273407340049744
                ],
                [
                    0,
                    0,
                    0,
                    1
                ]
            ]
        },
        {
            "file_path": "012.png",
            "camera_angle_x": 1.2204945568742027,
            "transform_matrix": [
                [
                    -0.8214759826660156,
                    -0.192574143409729,
                    0.5367427468299866,
                    0.8111273646354675
                ],
                [
                    0.5702434778213501,
                    -0.27741673588752747,
                    0.7732157707214355,
                    1.1684859991073608
                ],
                [
                    -2.313806035658672e-09,
                    0.9412520527839661,
                    0.3377050459384918,
                    0.5103411078453064
                ],
                [
                    0,
                    0,
                    0,
                    1
                ]
            ]
        },
        {
            "file_path": "013.png",
            "camera_angle_x": 0.9203941373516575,
            "transform_matrix": [
                [
                    0.8214757442474365,
                    0.22425436973571777,
                    -0.524297297000885,
                    -1.0223586559295654
                ],
                [
                    -0.5702435374259949,
                    0.3230540454387665,
                    -0.755287230014801,
                    -1.4727795124053955
                ],
                [
                    5.8893540710869274e-08,
                    0.919427216053009,
                    0.3932605981826782,
                    0.7668426632881165
                ],
                [
                    0,
                    0,
                    0,
                    1
                ]
            ]
        },
        {
            "file_path": "014.png",
            "camera_angle_x": 1.1408854216376656,
            "transform_matrix": [
                [
                    -0.5702434182167053,
                    0.36869168281555176,
                    -0.7340905070304871,
                    -1.1772879362106323
                ],
                [
                    -0.8214757442474365,
                    -0.25593453645706177,
                    0.5095832347869873,
                    0.8172374367713928
                ],
                [
                    -3.079975030573223e-08,
                    0.8936240077018738,
                    0.44881629943847656,
                    0.7197831273078918
                ],
                [
                    0,
                    0,
                    0,
                    1
                ]
            ]
        },
        {
            "file_path": "015.png",
            "camera_angle_x": 0.531005193353578,
            "transform_matrix": [
                [
                    0.5702435374259949,
                    -0.4143291115760803,
                    0.7093333005905151,
                    2.3411357402801514
                ],
                [
                    0.8214756846427917,
                    0.28761470317840576,
                    -0.49239763617515564,
                    -1.6251451969146729
                ],
                [
                    3.975081597218377e-09,
                    0.863486647605896,
                    0.5043717622756958,
                    1.6646658182144165
                ],
                [
                    0,
                    0,
                    0,
                    1
                ]
            ]
        },
        {
            "file_path": "016.png",
            "camera_angle_x": 0.2910348980968063,
            "transform_matrix": [
                [
                    0.01775253750383854,
                    -0.5598393082618713,
                    0.8284112215042114,
                    4.94760799407959
                ],
                [
                    0.9998425841331482,
                    0.009940074756741524,
                    -0.014708856120705605,
                    -0.08784690499305725
                ],
                [
                    -3.065625975295916e-08,
                    0.8285418152809143,
                    0.5599273443222046,
                    3.344113826751709
                ],
                [
                    0,
                    0,
                    0,
                    1
                ]
            ]
        },
        {
            "file_path": "017.png",
            "camera_angle_x": 1.0498442290578804,
            "transform_matrix": [
                [
                    -0.017752695828676224,
                    0.6153859496116638,
                    -0.7880260944366455,
                    -1.3617810010910034
                ],
                [
                    -0.9998425245285034,
                    -0.010926544666290283,
                    0.013991699554026127,
                    0.0241790059953928
                ],
                [
                    -3.6713625917172976e-08,
                    0.7881503105163574,
                    0.6154828667640686,
                    1.0636106729507446
                ],
                [
                    0,
                    0,
                    0,
                    1
                ]
            ]
        },
        {
            "file_path": "018.png",
            "camera_angle_x": 0.5302231830035201,
            "transform_matrix": [
                [
                    -0.9998425245285034,
                    -0.011912698857486248,
                    0.013162200339138508,
                    0.043504055589437485
                ],
                [
                    0.01775263249874115,
                    -0.6709328889846802,
                    0.7413057088851929,
                    2.450183153152466
                ],
                [
                    9.074400120212545e-10,
                    0.7414225339889526,
                    0.6710385084152222,
                    2.2179341316223145
                ],
                [
                    0,
                    0,
                    0,
                    1
                ]
            ]
        },
        {
            "file_path": "019.png",
            "camera_angle_x": 0.5451371933019721,
            "transform_matrix": [
                [
                    0.9998424053192139,
                    0.012898956425487995,
                    -0.012197248637676239,
                    -0.03923806548118591
                ],
                [
                    -0.01775263249874115,
                    0.7264794707298279,
                    -0.6869587898254395,
                    -2.2099192142486572
                ],
                [
                    5.4426546602925896e-11,
                    0.6870670914649963,
                    0.7265940308570862,
                    2.3374242782592773
                ],
                [
                    0,
                    0,
                    0,
                    1
                ]
            ]
        },
        {
            "file_path": "020.png",
            "camera_angle_x": 1.0780270375662147,
            "transform_matrix": [
                [
                    -0.6944422125816345,
                    -0.5627944469451904,
                    0.4483438730239868,
                    0.7564485669136047
                ],
                [
                    0.7195483446121216,
                    -0.543157696723938,
                    0.432700514793396,
                    0.730055034160614
                ],
                [
                    -1.2765800860847776e-08,
                    0.6230906844139099,
                    0.782149612903595,
                    1.3196475505828857
                ],
                [
                    0,
                    0,
                    0,
                    1
                ]
            ]
        },
        {
            "file_path": "021.png",
            "camera_angle_x": 0.5873772416981243,
            "transform_matrix": [
                [
                    0.6944422125816345,
                    0.6027695536613464,
                    -0.3929618299007416,
                    -1.175587773323059
                ],
                [
                    -0.7195485830307007,
                    0.5817378163337708,
                    -0.37925082445144653,
                    -1.1345698833465576
                ],
                [
                    1.0197047650706281e-08,
                    0.5461228489875793,
                    0.837705135345459,
                    2.5060858726501465
                ],
                [
                    0,
                    0,
                    0,
                    1
                ]
            ]
        },
        {
            "file_path": "022.png",
            "camera_angle_x": 0.8837961771297467,
            "transform_matrix": [
                [
                    -0.7195484042167664,
                    0.6203180551528931,
                    -0.31217896938323975,
                    -0.6321784257888794
                ],
                [
                    -0.6944423913955688,
                    -0.6427443027496338,
                    0.32346510887145996,
                    0.6550334095954895
                ],
                [
                    9.952501045518147e-09,
                    0.44953909516334534,
                    0.893260657787323,
                    1.80889892578125
                ],
                [
                    0,
                    0,
                    0,
                    1
                ]
            ]
        },
        {
            "file_path": "023.png",
            "camera_angle_x": 0.7609372422101809,
            "transform_matrix": [
                [
                    0.7195482850074768,
                    -0.6588982343673706,
                    0.21932478249073029,
                    0.5114796161651611
                ],
                [
                    0.6944423913955688,
                    0.6827191114425659,
                    -0.2272539585828781,
                    -0.5299710035324097
                ],
                [
                    5.501768374216454e-09,
                    0.3158286213874817,
                    0.9488162398338318,
                    2.2127010822296143
                ],
                [
                    0,
                    0,
                    0,
                    1
                ]
            ]
        }
    ]
}