{
    "aabb": [
        [
            -0.5,
            -0.5,
            -0.5
        ],
        [
            0.5,
            0.5,
            0.5
        ]
    ],
    "scale": 1.6540651600805283,
    "offset": [
        4.914722442626953,
        2.00551438331604,
        -4.860881805419922
    ],
    "frames": [
        {
            "file_path": "000.png",
            "camera_angle_x": 0.9181433060375827,
            "transform_matrix": [
                [
                    0.751554012298584,
                    0.6055437922477722,
                    0.26169320940971375,
                    0.511452853679657
                ],
                [
                    0.6596716046333313,
                    -0.6898870468139648,
                    -0.2981431782245636,
                    -0.5826906561851501
                ],
                [
                    6.077336855980775e-09,
                    0.39670228958129883,
                    -0.9179474115371704,
                    -1.7940349578857422
                ],
                [
                    0,
                    0,
                    0,
                    1
                ]
            ]
        },
        {
            "file_path": "001.png",
            "camera_angle_x": 0.5780552277901707,
            "transform_matrix": [
                [
                    -0.7515544295310974,
                    -0.4955986440181732,
                    -0.43537208437919617,
                    -1.3228641748428345
                ],
                [
                    -0.6596717834472656,
                    0.5646278262138367,
                    0.4960128962993622,
                    1.5071194171905518
                ],
                [
                    -1.8776098897888005e-08,
                    0.6599830389022827,
                    -0.7512810826301575,
                    -2.282742977142334
                ],
                [
                    0,
                    0,
                    0,
                    1
                ]
            ]
        },
        {
            "file_path": "002.png",
            "camera_angle_x": 0.9358350993322418,
            "transform_matrix": [
                [
                    -0.6596716642379761,
                    0.43936899304389954,
                    0.6097444891929626,
                    1.170777440071106
                ],
                [
                    0.751554012298584,
                    0.38565313816070557,
                    0.5351992845535278,
                    1.0276422500610352
                ],
                [
                    4.7080334297788795e-08,
                    0.811311662197113,
                    -0.5846140384674072,
                    -1.1225241422653198
                ],
                [
                    0,
                    0,
                    0,
                    1
                ]
            ]
        },
        {
            "file_path": "003.png",
            "camera_angle_x": 0.5289414893828359,
            "transform_matrix": [
                [
                    0.6596715450286865,
                    -0.31411004066467285,
                    -0.6827652454376221,
                    -2.262033462524414
                ],
                [
                    -0.751554012298584,
                    -0.27570798993110657,
                    -0.5992926359176636,
                    -1.9854848384857178
                ],
                [
                    -7.129667523031458e-09,
                    0.9084712266921997,
                    -0.417947381734848,
                    -1.3846791982650757
                ],
                [
                    0,
                    0,
                    0,
                    1
                ]
            ]
        },
        {
            "file_path": "004.png",
            "camera_angle_x": 1.0289185167438506,
            "transform_matrix": [
                [
                    0.06497054547071457,
                    0.25074976682662964,
                    0.9658693075180054,
                    1.6999150514602661
                ],
                [
                    0.9978872537612915,
                    -0.016325872391462326,
                    -0.06288597732782364,
                    -0.11067850887775421
                ],
                [
                    -3.714397678322712e-08,
                    0.967914342880249,
                    -0.2512807250022888,
                    -0.4422501027584076
                ],
                [
                    0,
                    0,
                    0,
                    1
                ]
            ]
        },
        {
            "file_path": "005.png",
            "camera_angle_x": 1.1292334778241497,
            "transform_matrix": [
                [
                    -0.06497080624103546,
                    -0.08443528413772583,
                    -0.994308590888977,
                    -1.6092491149902344
                ],
                [
                    -0.9978872537612915,
                    0.005497386679053307,
                    0.06473773717880249,
                    0.10477540642023087
                ],
                [
                    2.123005060639116e-08,
                    0.9964138865470886,
                    -0.08461412787437439,
                    -0.13694441318511963
                ],
                [
                    0,
                    0,
                    0,
                    1
                ]
            ]
        },
        {
            "file_path": "006.png",
            "camera_angle_x": 1.0806299465590832,
            "transform_matrix": [
                [
                    -0.9978870749473572,
                    -0.001777011202648282,
                    0.06494638323783875,
                    0.1093401163816452
                ],
                [
                    0.06497069448232651,
                    -0.02729320339858532,
                    0.9975138306617737,
                    1.6793586015701294
                ],
                [
                    4.635091421789639e-09,
                    0.9996258616447449,
                    0.027351081371307373,
                    0.046046432107686996
                ],
                [
                    0,
                    0,
                    0,
                    1
                ]
            ]
        },
        {
            "file_path": "007.png",
            "camera_angle_x": 0.937097048689897,
            "transform_matrix": [
                [
                    0.9978871941566467,
                    0.005386496894061565,
                    -0.06474703550338745,
                    -0.12416651099920273
                ],
                [
                    -0.0649707093834877,
                    0.08273126184940338,
                    -0.9944518804550171,
                    -1.907077670097351
                ],
                [
                    -1.89135174188948e-09,
                    0.9965574145317078,
                    0.08290642499923706,
                    0.15899115800857544
                ],
                [
                    0,
                    0,
                    0,
                    1
                ]
            ]
        },
        {
            "file_path": "008.png",
            "camera_angle_x": 0.6725085481306562,
            "transform_matrix": [
                [
                    0.44189995527267456,
                    -0.12420935928821564,
                    0.8884236216545105,
                    2.331835985183716
                ],
                [
                    0.8970643877983093,
                    0.06118627265095711,
                    -0.43764352798461914,
                    -1.1486783027648926
                ],
                [
                    4.695751698591266e-08,
                    0.9903677701950073,
                    0.13846196234226227,
                    0.363419771194458
                ],
                [
                    0,
                    0,
                    0,
                    1
                ]
            ]
        },
        {
            "file_path": "009.png",
            "camera_angle_x": 0.6417435702399504,
            "transform_matrix": [
                [
                    -0.4419000744819641,
                    0.17404614388942719,
                    -0.880018413066864,
                    -2.416400909423828
                ],
                [
                    -0.8970643281936646,
                    -0.08573631197214127,
                    0.43350309133529663,
                    1.1903355121612549
                ],
                [
                    3.717389063240262e-08,
                    0.9809980988502502,
                    0.1940174102783203,
                    0.5327436327934265
                ],
                [
                    0,
                    0,
                    0,
                    1
                ]
            ]
        },
        {
            "file_path": "010.png",
            "camera_angle_x": 1.107301035338657,
            "transform_matrix": [
                [
                    -0.897064745426178,
                    -0.11028637737035751,
                    0.4279165267944336,
                    0.704810619354248
                ],
                [
                    0.4419000446796417,
                    -0.2238834947347641,
                    0.8686777353286743,
                    1.4307773113250732
                ],
                [
                    3.985671170880778e-08,
                    0.9683561325073242,
                    0.24957306683063507,
                    0.4110656976699829
                ],
                [
                    0,
                    0,
                    0,
                    1
                ]
            ]
        },
        {
            "file_path": "011.png",
            "camera_angle_x": 0.8554266573209961,
            "transform_matrix": [
                [
                    0.8970642685890198,
                    0.1348363757133484,
                    -0.42082643508911133,
                    -0.878625750541687
                ],
                [
                    -0.4419001340866089,
                    0.27371978759765625,
                    -0.8542845845222473,
                    -1.7836248874664307
                ],
                [
                    -1.4634995437745602e-09,
                    0.9523113965988159,
                    0.30512842535972595,
                    0.6370655298233032
                ],
                [
                    0,
                    0,
                    0,
                    1
                ]
            ]
        },
        {
            "file_path": "012.png",
            "camera_angle_x": 0.9341112261141745,
            "transform_matrix": [
                [
                    -0.3218497931957245,
                    -0.34149250388145447,
                    0.8830603957176208,
                    1.6984721422195435
                ],
                [
                    0.9467908143997192,
                    -0.11608615517616272,
                    0.3001854121685028,
                    0.5773745775222778
                ],
                [
                    -3.878168897131218e-09,
                    0.9326879978179932,
                    0.36068418622016907,
                    0.6937375068664551
                ],
                [
                    0,
                    0,
                    0,
                    1
                ]
            ]
        },
        {
            "file_path": "013.png",
            "camera_angle_x": 0.7227706849446184,
            "transform_matrix": [
                [
                    0.3218497037887573,
                    0.39409196376800537,
                    -0.8608741760253906,
                    -2.108600616455078
                ],
                [
                    -0.9467908143997192,
                    0.1339665651321411,
                    -0.2926435172557831,
                    -0.7167927026748657
                ],
                [
                    -3.8441882566075947e-08,
                    0.9092549681663513,
                    0.4162396788597107,
                    1.0195258855819702
                ],
                [
                    0,
                    0,
                    0,
                    1
                ]
            ]
        },
        {
            "file_path": "014.png",
            "camera_angle_x": 0.2659255389175495,
            "transform_matrix": [
                [
                    -0.9467907547950745,
                    0.151847243309021,
                    -0.2837776243686676,
                    -1.8537836074829102
                ],
                [
                    -0.3218498229980469,
                    -0.4466913938522339,
                    0.8347931504249573,
                    5.453305244445801
                ],
                [
                    2.534041776414142e-08,
                    0.8817081451416016,
                    0.4717952013015747,
                    3.0820140838623047
                ],
                [
                    0,
                    0,
                    0,
                    1
                ]
            ]
        },
        {
            "file_path": "015.png",
            "camera_angle_x": 0.9272827323637057,
            "transform_matrix": [
                [
                    0.9467907547950745,
                    -0.16972777247428894,
                    0.27345889806747437,
                    0.5295575261116028
                ],
                [
                    0.3218497931957245,
                    0.4992908537387848,
                    -0.8044385313987732,
                    -1.5578079223632812
                ],
                [
                    1.8421605574303612e-08,
                    0.8496476411819458,
                    0.5273507833480835,
                    1.0212233066558838
                ],
                [
                    0,
                    0,
                    0,
                    1
                ]
            ]
        },
        {
            "file_path": "016.png",
            "camera_angle_x": 0.7136853579602017,
            "transform_matrix": [
                [
                    0.6084175109863281,
                    -0.4626045227050781,
                    0.6448451280593872,
                    1.598694920539856
                ],
                [
                    0.7936171293258667,
                    0.3546504080295563,
                    -0.4943631589412689,
                    -1.2256213426589966
                ],
                [
                    3.364969103358817e-08,
                    0.8125393390655518,
                    0.5829063653945923,
                    1.4451371431350708
                ],
                [
                    0,
                    0,
                    0,
                    1
                ]
            ]
        },
        {
            "file_path": "017.png",
            "camera_angle_x": 0.6836035683019962,
            "transform_matrix": [
                [
                    -0.6084175705909729,
                    0.5066943764686584,
                    -0.6108100414276123,
                    -1.5781633853912354
                ],
                [
                    -0.7936170697212219,
                    -0.3884515166282654,
                    0.46827059984207153,
                    1.2098811864852905
                ],
                [
                    2.0431857095104533e-08,
                    0.7696533203125,
                    0.6384620070457458,
                    1.6496083736419678
                ],
                [
                    0,
                    0,
                    0,
                    1
                ]
            ]
        },
        {
            "file_path": "018.png",
            "camera_angle_x": 0.38668977851631897,
            "transform_matrix": [
                [
                    -0.7936171293258667,
                    -0.42225244641304016,
                    0.43803510069847107,
                    1.9743133783340454
                ],
                [
                    0.6084175109863281,
                    -0.5507842898368835,
                    0.5713709592819214,
                    2.5752851963043213
                ],
                [
                    4.2242810138759523e-08,
                    0.7199580073356628,
                    0.6940175890922546,
                    3.1280782222747803
                ],
                [
                    0,
                    0,
                    0,
                    1
                ]
            ]
        },
        {
            "file_path": "019.png",
            "camera_angle_x": 0.6669043729496582,
            "transform_matrix": [
                [
                    0.7936171293258667,
                    0.4560534358024597,
                    -0.4027246832847595,
                    -1.0655739307403564
                ],
                [
                    -0.6084175109863281,
                    0.5948740243911743,
                    -0.5253123044967651,
                    -1.3899297714233398
                ],
                [
                    1.1221804818717374e-08,
                    0.6619215607643127,
                    0.7495731115341187,
                    1.9833041429519653
                ],
                [
                    0,
                    0,
                    0,
                    1
                ]
            ]
        },
        {
            "file_path": "020.png",
            "camera_angle_x": 0.5616780079605258,
            "transform_matrix": [
                [
                    -0.13095568120479584,
                    -0.7981950044631958,
                    0.5879925489425659,
                    1.8372528553009033
                ],
                [
                    0.991388201713562,
                    -0.10543617606163025,
                    0.07766983658075333,
                    0.24268895387649536
                ],
                [
                    2.6457406931967853e-08,
                    0.5931001901626587,
                    0.8051286339759827,
                    2.5157206058502197
                ],
                [
                    0,
                    0,
                    0,
                    1
                ]
            ]
        },
        {
            "file_path": "021.png",
            "camera_angle_x": 0.49962870435513784,
            "transform_matrix": [
                [
                    0.1309557408094406,
                    0.8532721400260925,
                    -0.5047546625137329,
                    -1.7681540250778198
                ],
                [
                    -0.991388201713562,
                    0.11271150410175323,
                    -0.06667475402355194,
                    -0.2335614562034607
                ],
                [
                    -4.0274493073866324e-08,
                    0.5091392397880554,
                    0.8606841564178467,
                    3.01497483253479
                ],
                [
                    0,
                    0,
                    0,
                    1
                ]
            ]
        },
        {
            "file_path": "022.png",
            "camera_angle_x": 0.2724965496545932,
            "transform_matrix": [
                [
                    -0.9913882613182068,
                    0.11998695135116577,
                    -0.05246487632393837,
                    -0.3345128297805786
                ],
                [
                    -0.13095583021640778,
                    -0.9083493947982788,
                    0.3971801698207855,
                    2.5323965549468994
                ],
                [
                    -2.596257875353558e-09,
                    0.40063029527664185,
                    0.9162397980690002,
                    5.841888427734375
                ],
                [
                    0,
                    0,
                    0,
                    1
                ]
            ]
        },
        {
            "file_path": "023.png",
            "camera_angle_x": 0.3340140050460048,
            "transform_matrix": [
                [
                    0.991388201713562,
                    -0.12726230919361115,
                    0.03088277578353882,
                    0.16089141368865967
                ],
                [
                    0.13095587491989136,
                    0.963426411151886,
                    -0.23379500210285187,
                    -1.2180126905441284
                ],
                [
                    3.297282447078942e-09,
                    0.23582589626312256,
                    0.9717953205108643,
                    5.062808513641357
                ],
                [
                    0,
                    0,
                    0,
                    1
                ]
            ]
        }
    ]
}