{
    "aabb": [
        [
            -0.5,
            -0.5,
            -0.5
        ],
        [
            0.5,
            0.5,
            0.5
        ]
    ],
    "scale": 1.6540651600805283,
    "offset": [
        4.914722442626953,
        2.00551438331604,
        -4.860881805419922
    ],
    "frames": [
        {
            "file_path": "000.png",
            "camera_angle_x": 0.6981317007977318,
            "transform_matrix": [
                [
                    0.5693920254707336,
                    0.8040601015090942,
                    0.1711140125989914,
                    0.34222790598869324
                ],
                [
                    0.8220661282539368,
                    -0.5569204092025757,
                    -0.11851966381072998,
                    -0.23703907430171967
                ],
                [
                    -4.799114705633656e-08,
                    0.2081511914730072,
                    -0.978096604347229,
                    -1.9561933279037476
                ],
                [
                    0,
                    0,
                    0,
                    1
                ]
            ]
        },
        {
            "file_path": "001.png",
            "camera_angle_x": 0.6981317007977318,
            "transform_matrix": [
                [
                    -0.5693920850753784,
                    -0.7821384072303772,
                    -0.2530854642391205,
                    -0.5061709880828857
                ],
                [
                    -0.8220661282539368,
                    0.5417366623878479,
                    0.1752959042787552,
                    0.3505918085575104
                ],
                [
                    1.918635561537485e-08,
                    0.30786508321762085,
                    -0.951430082321167,
                    -1.9028600454330444
                ],
                [
                    0,
                    0,
                    0,
                    1
                ]
            ]
        },
        {
            "file_path": "002.png",
            "camera_angle_x": 0.6981317007977318,
            "transform_matrix": [
                [
                    -0.8220661878585815,
                    0.5265527963638306,
                    0.21667791903018951,
                    0.4333558678627014
                ],
                [
                    0.5693919062614441,
                    0.7602167129516602,
                    0.31283122301101685,
                    0.6256625652313232
                ],
                [
                    -1.68351075302553e-08,
                    0.3805426359176636,
                    -0.9247633814811707,
                    -1.8495267629623413
                ],
                [
                    0,
                    0,
                    0,
                    1
                ]
            ]
        },
        {
            "file_path": "003.png",
            "camera_angle_x": 0.6981317007977318,
            "transform_matrix": [
                [
                    0.8220661878585815,
                    -0.5113690495491028,
                    -0.2504175007343292,
                    -0.5008349418640137
                ],
                [
                    -0.5693919658660889,
                    -0.7382948994636536,
                    -0.3615431785583496,
                    -0.7230862379074097
                ],
                [
                    2.146845190509339e-08,
                    0.43979811668395996,
                    -0.8980966806411743,
                    -1.7961933612823486
                ],
                [
                    0,
                    0,
                    0,
                    1
                ]
            ]
        },
        {
            "file_path": "004.png",
            "camera_angle_x": 0.6981317007977318,
            "transform_matrix": [
                [
                    -0.17866764962673187,
                    0.8574082851409912,
                    0.48262709379196167,
                    0.9652542471885681
                ],
                [
                    0.9839094877243042,
                    0.155696302652359,
                    0.08764001727104187,
                    0.17528007924556732
                ],
                [
                    1.0633574021312597e-08,
                    0.49051982164382935,
                    -0.8714300990104675,
                    -1.7428600788116455
                ],
                [
                    0,
                    0,
                    0,
                    1
                ]
            ]
        },
        {
            "file_path": "005.png",
            "camera_angle_x": 0.6981317007977318,
            "transform_matrix": [
                [
                    0.1786675751209259,
                    -0.8311706781387329,
                    -0.5265294313430786,
                    -1.0530587434768677
                ],
                [
                    -0.9839094877243042,
                    -0.15093183517456055,
                    -0.09561223536729813,
                    -0.19122447073459625
                ],
                [
                    4.307828405103464e-08,
                    0.5351400971412659,
                    -0.8447633385658264,
                    -1.6895266771316528
                ],
                [
                    0,
                    0,
                    0,
                    1
                ]
            ]
        },
        {
            "file_path": "006.png",
            "camera_angle_x": 0.6981317007977318,
            "transform_matrix": [
                [
                    -0.9839094281196594,
                    -0.14616744220256805,
                    -0.1027483195066452,
                    -0.2054966688156128
                ],
                [
                    -0.17866767942905426,
                    0.8049331307411194,
                    0.5658272504806519,
                    1.1316547393798828
                ],
                [
                    1.3154091149658598e-09,
                    0.5750806331634521,
                    -0.8180966973304749,
                    -1.6361933946609497
                ],
                [
                    0,
                    0,
                    0,
                    1
                ]
            ]
        },
        {
            "file_path": "007.png",
            "camera_angle_x": 0.6981317007977318,
            "transform_matrix": [
                [
                    0.9839094877243042,
                    0.1414029747247696,
                    0.10921237617731094,
                    0.2184247374534607
                ],
                [
                    0.17866769433021545,
                    -0.7786956429481506,
                    -0.6014243364334106,
                    -1.2028485536575317
                ],
                [
                    5.865124386161824e-09,
                    0.6112598180770874,
                    -0.7914301753044128,
                    -1.582859992980957
                ],
                [
                    0,
                    0,
                    0,
                    1
                ]
            ]
        },
        {
            "file_path": "008.png",
            "camera_angle_x": 0.6981317007977318,
            "transform_matrix": [
                [
                    0.2114584892988205,
                    0.7474697828292847,
                    0.6297414302825928,
                    1.2594828605651855
                ],
                [
                    0.977387011051178,
                    -0.16171574592590332,
                    -0.13624510169029236,
                    -0.27249011397361755
                ],
                [
                    -4.673902154195275e-09,
                    0.644311249256134,
                    -0.7647634148597717,
                    -1.529526710510254
                ],
                [
                    0,
                    0,
                    0,
                    1
                ]
            ]
        },
        {
            "file_path": "009.png",
            "camera_angle_x": 0.6981317007977318,
            "transform_matrix": [
                [
                    -0.21145831048488617,
                    -0.7214061617851257,
                    -0.6594380736351013,
                    -1.3188761472702026
                ],
                [
                    -0.9773870706558228,
                    0.1560766100883484,
                    0.14266985654830933,
                    0.285339891910553
                ],
                [
                    -2.4776827700634385e-08,
                    0.6746949553489685,
                    -0.7380967736244202,
                    -1.4761934280395508
                ],
                [
                    0,
                    0,
                    0,
                    1
                ]
            ]
        },
        {
            "file_path": "010.png",
            "camera_angle_x": 0.6981317007977318,
            "transform_matrix": [
                [
                    -0.9773870706558228,
                    0.15043789148330688,
                    0.1486038863658905,
                    0.297207772731781
                ],
                [
                    0.21145844459533691,
                    0.695342481136322,
                    0.686865508556366,
                    1.373731017112732
                ],
                [
                    8.1420736819382e-10,
                    0.702756941318512,
                    -0.7114300727844238,
                    -1.422860026359558
                ],
                [
                    0,
                    0,
                    0,
                    1
                ]
            ]
        },
        {
            "file_path": "011.png",
            "camera_angle_x": 0.6981317007977318,
            "transform_matrix": [
                [
                    0.977387011051178,
                    -0.14479899406433105,
                    -0.154103621840477,
                    -0.308207243680954
                ],
                [
                    -0.21145844459533691,
                    -0.6692788600921631,
                    -0.7122859358787537,
                    -1.4245718717575073
                ],
                [
                    2.0368258191183486e-09,
                    0.7287655472755432,
                    -0.6847634315490723,
                    -1.369526743888855
                ],
                [
                    0,
                    0,
                    0,
                    1
                ]
            ]
        },
        {
            "file_path": "012.png",
            "camera_angle_x": 0.6981317007977318,
            "transform_matrix": [
                [
                    -0.5415933728218079,
                    0.5532228350639343,
                    0.6329464316368103,
                    1.2658928632736206
                ],
                [
                    0.8406406044960022,
                    0.3564208149909973,
                    0.40778371691703796,
                    0.8155673742294312
                ],
                [
                    -4.460792979443795e-08,
                    0.7529334425926208,
                    -0.6580967307090759,
                    -1.3161933422088623
                ],
                [
                    0,
                    0,
                    0,
                    1
                ]
            ]
        },
        {
            "file_path": "013.png",
            "camera_angle_x": 0.6981317007977318,
            "transform_matrix": [
                [
                    0.5415933132171631,
                    -0.5308058261871338,
                    -0.6518603563308716,
                    -1.3037208318710327
                ],
                [
                    -0.840640664100647,
                    -0.34197843074798584,
                    -0.41996923089027405,
                    -0.8399384617805481
                ],
                [
                    -3.033868267721118e-08,
                    0.7754328846931458,
                    -0.6314302086830139,
                    -1.2628600597381592
                ],
                [
                    0,
                    0,
                    0,
                    1
                ]
            ]
        },
        {
            "file_path": "014.png",
            "camera_angle_x": 0.6981317007977318,
            "transform_matrix": [
                [
                    -0.840640664100647,
                    -0.3275357186794281,
                    -0.4313277006149292,
                    -0.8626554012298584
                ],
                [
                    -0.5415932536125183,
                    0.5083886384963989,
                    0.6694906949996948,
                    1.3389812707901
                ],
                [
                    -2.2692026035997515e-08,
                    0.7964052557945251,
                    -0.6047632694244385,
                    -1.2095266580581665
                ],
                [
                    0,
                    0,
                    0,
                    1
                ]
            ]
        },
        {
            "file_path": "015.png",
            "camera_angle_x": 0.6981317007977318,
            "transform_matrix": [
                [
                    0.8406406044960022,
                    0.3130933344364166,
                    0.44192299246788025,
                    0.883845865726471
                ],
                [
                    0.5415933132171631,
                    -0.485971599817276,
                    -0.6859360933303833,
                    -1.3718721866607666
                ],
                [
                    -6.33716368270143e-09,
                    0.8159682750701904,
                    -0.5780967473983765,
                    -1.1561933755874634
                ],
                [
                    0,
                    0,
                    0,
                    1
                ]
            ]
        },
        {
            "file_path": "016.png",
            "camera_angle_x": 0.6981317007977318,
            "transform_matrix": [
                [
                    0.39807403087615967,
                    0.5058562159538269,
                    0.7652754783630371,
                    1.5305509567260742
                ],
                [
                    0.9173533320426941,
                    -0.2195100337266922,
                    -0.33208179473876953,
                    -0.6641635894775391
                ],
                [
                    -1.3370531348755321e-08,
                    0.8342211246490479,
                    -0.5514301061630249,
                    -1.1028600931167603
                ],
                [
                    0,
                    0,
                    0,
                    1
                ]
            ]
        },
        {
            "file_path": "017.png",
            "camera_angle_x": 0.6981317007977318,
            "transform_matrix": [
                [
                    -0.3980741500854492,
                    -0.4813934564590454,
                    -0.7808952927589417,
                    -1.5617905855178833
                ],
                [
                    -0.9173533320426941,
                    0.2088947296142578,
                    0.33885979652404785,
                    0.6777196526527405
                ],
                [
                    5.2006832618189947e-08,
                    0.8512481451034546,
                    -0.5247635245323181,
                    -1.0495266914367676
                ],
                [
                    0,
                    0,
                    0,
                    1
                ]
            ]
        },
        {
            "file_path": "018.png",
            "camera_angle_x": 0.6981317007977318,
            "transform_matrix": [
                [
                    -0.9173533916473389,
                    0.19827935099601746,
                    0.34517860412597656,
                    0.6903571486473083
                ],
                [
                    0.39807406067848206,
                    0.456930547952652,
                    0.7954568266868591,
                    1.5909135341644287
                ],
                [
                    4.738592629394134e-09,
                    0.8671215772628784,
                    -0.4980967044830322,
                    -0.9961933493614197
                ],
                [
                    0,
                    0,
                    0,
                    1
                ]
            ]
        },
        {
            "file_path": "019.png",
            "camera_angle_x": 0.6981317007977318,
            "transform_matrix": [
                [
                    0.9173532724380493,
                    -0.18766409158706665,
                    -0.35106292366981506,
                    -0.7021257877349854
                ],
                [
                    -0.39807409048080444,
                    -0.43246808648109436,
                    -0.8090170621871948,
                    -1.6180341243743896
                ],
                [
                    -2.3009654626093834e-08,
                    0.8819034695625305,
                    -0.4714302122592926,
                    -0.9428600668907166
                ],
                [
                    0,
                    0,
                    0,
                    1
                ]
            ]
        },
        {
            "file_path": "020.png",
            "camera_angle_x": 0.6981317007977318,
            "transform_matrix": [
                [
                    -0.36718589067459106,
                    0.41369563341140747,
                    0.8330849409103394,
                    1.6661698818206787
                ],
                [
                    0.9301475882530212,
                    0.16331084072589874,
                    0.3288693428039551,
                    0.6577386260032654
                ],
                [
                    -1.6138628211592732e-09,
                    0.8956481218338013,
                    -0.4447634518146515,
                    -0.8895267248153687
                ],
                [
                    0,
                    0,
                    0,
                    1
                ]
            ]
        },
        {
            "file_path": "021.png",
            "camera_angle_x": 0.6981317007977318,
            "transform_matrix": [
                [
                    0.3671858310699463,
                    -0.38889163732528687,
                    -0.8449484705924988,
                    -1.689896821975708
                ],
                [
                    -0.9301475882530212,
                    -0.1535191833972931,
                    -0.3335525691509247,
                    -0.6671051383018494
                ],
                [
                    2.1279710438193433e-08,
                    0.9084025621414185,
                    -0.4180966913700104,
                    -0.8361933827400208
                ],
                [
                    0,
                    0,
                    0,
                    1
                ]
            ]
        },
        {
            "file_path": "022.png",
            "camera_angle_x": 0.6981317007977318,
            "transform_matrix": [
                [
                    -0.9301480054855347,
                    -0.1437276154756546,
                    -0.33788740634918213,
                    -0.6757746338844299
                ],
                [
                    -0.36718595027923584,
                    0.3640875518321991,
                    0.8559293150901794,
                    1.7118582725524902
                ],
                [
                    1.2048122499663805e-09,
                    0.9202080965042114,
                    -0.3914303481578827,
                    -0.7828600406646729
                ],
                [
                    0,
                    0,
                    0,
                    1
                ]
            ]
        },
        {
            "file_path": "023.png",
            "camera_angle_x": 0.6981317007977318,
            "transform_matrix": [
                [
                    0.9301475882530212,
                    0.13393595814704895,
                    0.34188687801361084,
                    0.6837736964225769
                ],
                [
                    0.36718589067459106,
                    -0.33928385376930237,
                    -0.8660606741905212,
                    -1.7321213483810425
                ],
                [
                    8.397644357671652e-09,
                    0.9311002492904663,
                    -0.36476343870162964,
                    -0.729526698589325
                ],
                [
                    0,
                    0,
                    0,
                    1
                ]
            ]
        },
        {
            "file_path": "024.png",
            "camera_angle_x": 0.6981317007977318,
            "transform_matrix": [
                [
                    0.01671629399061203,
                    0.33804941177368164,
                    0.9409800171852112,
                    1.8819597959518433
                ],
                [
                    0.999860405921936,
                    -0.0056518372148275375,
                    -0.015732064843177795,
                    -0.031464334577322006
                ],
                [
                    -8.885738367325757e-08,
                    0.9411115646362305,
                    -0.3380967974662781,
                    -0.676193356513977
                ],
                [
                    0,
                    0,
                    0,
                    1
                ]
            ]
        },
        {
            "file_path": "025.png",
            "camera_angle_x": 0.6981317007977318,
            "transform_matrix": [
                [
                    -0.016716623678803444,
                    -0.31138649582862854,
                    -0.9501364231109619,
                    -1.9002726078033447
                ],
                [
                    -0.999860405921936,
                    0.005205806810408831,
                    0.015885205939412117,
                    0.031770508736371994
                ],
                [
                    -9.623916241707775e-08,
                    0.9502692222595215,
                    -0.3114301264286041,
                    -0.6228600740432739
                ],
                [
                    0,
                    0,
                    0,
                    1
                ]
            ]
        },
        {
            "file_path": "026.png",
            "camera_angle_x": 0.6981317007977318,
            "transform_matrix": [
                [
                    -0.999860405921936,
                    0.004760271403938532,
                    0.016024481505155563,
                    0.03204896301031113
                ],
                [
                    0.01671658456325531,
                    0.28472352027893066,
                    0.9584639668464661,
                    1.9169278144836426
                ],
                [
                    7.913772970269406e-10,
                    0.9585978984832764,
                    -0.2847634255886078,
                    -0.569526731967926
                ],
                [
                    0,
                    0,
                    0,
                    1
                ]
            ]
        },
        {
            "file_path": "027.png",
            "camera_angle_x": 0.6981317007977318,
            "transform_matrix": [
                [
                    0.9998602867126465,
                    -0.00431449618190527,
                    -0.0161502156406641,
                    -0.032300423830747604
                ],
                [
                    -0.01671658828854561,
                    -0.2580608129501343,
                    -0.9659842848777771,
                    -1.9319682121276855
                ],
                [
                    1.0660810012552702e-09,
                    0.9661192893981934,
                    -0.2580968737602234,
                    -0.5161933898925781
                ],
                [
                    0,
                    0,
                    0,
                    1
                ]
            ]
        },
        {
            "file_path": "028.png",
            "camera_angle_x": 0.6981317007977318,
            "transform_matrix": [
                [
                    -0.6951875686645508,
                    0.16635844111442566,
                    0.6993132829666138,
                    1.3986265659332275
                ],
                [
                    0.7188283205032349,
                    0.16088739037513733,
                    0.6763142943382263,
                    1.3526285886764526
                ],
                [
                    -7.381641609072176e-08,
                    0.9728515148162842,
                    -0.2314300388097763,
                    -0.4628600478172302
                ],
                [
                    0,
                    0,
                    0,
                    1
                ]
            ]
        },
        {
            "file_path": "029.png",
            "camera_angle_x": 0.6981317007977318,
            "transform_matrix": [
                [
                    0.6951875686645508,
                    -0.14718973636627197,
                    -0.7035974860191345,
                    -1.407194972038269
                ],
                [
                    -0.7188283801078796,
                    -0.1423490047454834,
                    -0.680457592010498,
                    -1.360915184020996
                ],
                [
                    -1.462892740278221e-08,
                    0.978811502456665,
                    -0.20476341247558594,
                    -0.4095267057418823
                ],
                [
                    0,
                    0,
                    0,
                    1
                ]
            ]
        },
        {
            "file_path": "030.png",
            "camera_angle_x": 0.6981317007977318,
            "transform_matrix": [
                [
                    -0.7188284397125244,
                    -0.12381064146757126,
                    -0.6840735673904419,
                    -1.3681471347808838
                ],
                [
                    -0.6951875686645508,
                    0.1280210316181183,
                    0.7073364853858948,
                    1.4146729707717896
                ],
                [
                    2.7799487156698888e-08,
                    0.9840129613876343,
                    -0.17809678614139557,
                    -0.3561933636665344
                ],
                [
                    0,
                    0,
                    0,
                    1
                ]
            ]
        },
        {
            "file_path": "031.png",
            "camera_angle_x": 0.6981317007977318,
            "transform_matrix": [
                [
                    0.7188283801078796,
                    0.1052723228931427,
                    0.687170684337616,
                    1.3743412494659424
                ],
                [
                    0.6951875686645508,
                    -0.10885228961706161,
                    -0.710538923740387,
                    -1.4210777282714844
                ],
                [
                    -3.333487441636862e-08,
                    0.9884680509567261,
                    -0.151430144906044,
                    -0.3028600513935089
                ],
                [
                    0,
                    0,
                    0,
                    1
                ]
            ]
        },
        {
            "file_path": "032.png",
            "camera_angle_x": 0.6981317007977318,
            "transform_matrix": [
                [
                    0.4860735535621643,
                    0.10903286188840866,
                    0.8670896291732788,
                    1.734179139137268
                ],
                [
                    0.8739179372787476,
                    -0.06064426526427269,
                    -0.48227569460868835,
                    -0.9645513296127319
                ],
                [
                    5.8196000907173584e-08,
                    0.9921866059303284,
                    -0.1247633770108223,
                    -0.249526709318161
                ],
                [
                    0,
                    0,
                    0,
                    1
                ]
            ]
        },
        {
            "file_path": "033.png",
            "camera_angle_x": 0.6981317007977318,
            "transform_matrix": [
                [
                    -0.48607367277145386,
                    -0.08572849631309509,
                    -0.8697029948234558,
                    -1.7394057512283325
                ],
                [
                    -0.8739179968833923,
                    0.04768206179141998,
                    0.48372921347618103,
                    0.9674583673477173
                ],
                [
                    -6.581734623978264e-08,
                    0.9951769709587097,
                    -0.09809678792953491,
                    -0.1961933821439743
                ],
                [
                    0,
                    0,
                    0,
                    1
                ]
            ]
        },
        {
            "file_path": "034.png",
            "camera_angle_x": 0.6981317007977318,
            "transform_matrix": [
                [
                    -0.8739178776741028,
                    0.03472026064991951,
                    0.4848319888114929,
                    0.9696639180183411
                ],
                [
                    0.4860735833644867,
                    0.062423981726169586,
                    0.8716855645179749,
                    1.7433711290359497
                ],
                [
                    3.5935254771857217e-09,
                    0.9974456429481506,
                    -0.07143004983663559,
                    -0.1428600400686264
                ],
                [
                    0,
                    0,
                    0,
                    1
                ]
            ]
        },
        {
            "file_path": "035.png",
            "camera_angle_x": 0.6981317007977318,
            "transform_matrix": [
                [
                    0.8739178776741028,
                    -0.02175835333764553,
                    -0.4855864346027374,
                    -0.9711726903915405
                ],
                [
                    -0.48607367277145386,
                    -0.03911975026130676,
                    -0.8730419278144836,
                    -1.7460837364196777
                ],
                [
                    -1.4594267128131833e-08,
                    0.998997688293457,
                    -0.04476362466812134,
                    -0.0895267128944397
                ],
                [
                    0,
                    0,
                    0,
                    1
                ]
            ]
        },
        {
            "file_path": "036.png",
            "camera_angle_x": 0.6981317007977318,
            "transform_matrix": [
                [
                    -0.27424755692481995,
                    0.01740286871790886,
                    0.9615018963813782,
                    1.9230034351348877
                ],
                [
                    0.9616593718528748,
                    0.004962800536304712,
                    0.27420246601104736,
                    0.54840487241745
                ],
                [
                    -2.6163021971115086e-08,
                    0.9998364448547363,
                    -0.018096918240189552,
                    -0.036193378269672394
                ],
                [
                    0,
                    0,
                    0,
                    1
                ]
            ]
        },
        {
            "file_path": "037.png",
            "camera_angle_x": 0.6981317007977318,
            "transform_matrix": [
                [
                    0.274247407913208,
                    0.002747143153101206,
                    -0.9616552591323853,
                    -1.9233105182647705
                ],
                [
                    -0.9616591930389404,
                    0.000783473311457783,
                    -0.27424630522727966,
                    -0.548492431640625
                ],
                [
                    3.791590685864321e-08,
                    0.9999959468841553,
                    0.0028566804248839617,
                    0.005713318474590778
                ],
                [
                    0,
                    0,
                    0,
                    1
                ]
            ]
        },
        {
            "file_path": "038.png",
            "camera_angle_x": 0.6981317007977318,
            "transform_matrix": [
                [
                    -0.9616592526435852,
                    0.003221178660169244,
                    -0.27422842383384705,
                    -0.5484568476676941
                ],
                [
                    -0.27424734830856323,
                    -0.011295233853161335,
                    0.9615928530693054,
                    1.9231857061386108
                ],
                [
                    -4.89712093099115e-09,
                    0.9999310374259949,
                    0.011745517142117023,
                    0.02349109575152397
                ],
                [
                    0,
                    0,
                    0,
                    1
                ]
            ]
        },
        {
            "file_path": "039.png",
            "camera_angle_x": 0.6981317007977318,
            "transform_matrix": [
                [
                    0.9616591930389404,
                    -0.005658930167555809,
                    0.27418896555900574,
                    0.5483778715133667
                ],
                [
                    0.27424734830856323,
                    0.01984311267733574,
                    -0.9614545106887817,
                    -1.922908902168274
                ],
                [
                    2.1916708448088684e-08,
                    0.9997871518135071,
                    0.020634256303310394,
                    0.04126887395977974
                ],
                [
                    0,
                    0,
                    0,
                    1
                ]
            ]
        },
        {
            "file_path": "040.png",
            "camera_angle_x": 0.6981317007977318,
            "transform_matrix": [
                [
                    0.11463939398527145,
                    -0.02932865545153618,
                    0.9929742217063904,
                    1.9859482049942017
                ],
                [
                    0.9934072494506836,
                    0.0033843705896288157,
                    -0.11458952724933624,
                    -0.22917912900447845
                ],
                [
                    6.246444428370523e-08,
                    0.9995641708374023,
                    0.02952318824827671,
                    0.05904665216803551
                ],
                [
                    0,
                    0,
                    0,
                    1
                ]
            ]
        },
        {
            "file_path": "041.png",
            "camera_angle_x": 0.6981317007977318,
            "transform_matrix": [
                [
                    -0.11463960260152817,
                    0.03815899416804314,
                    -0.9926741123199463,
                    -1.9853479862213135
                ],
                [
                    -0.9934072494506836,
                    -0.004403567407280207,
                    0.11455489695072174,
                    0.22910985350608826
                ],
                [
                    9.472336159888073e-08,
                    0.9992620944976807,
                    0.038412127643823624,
                    0.07682442665100098
                ],
                [
                    0,
                    0,
                    0,
                    1
                ]
            ]
        },
        {
            "file_path": "042.png",
            "camera_angle_x": 0.6981317007977318,
            "transform_matrix": [
                [
                    -0.9934072494506836,
                    -0.005422573070973158,
                    0.11451122164726257,
                    0.22902242839336395
                ],
                [
                    0.11463954299688339,
                    -0.046989262104034424,
                    0.9922952651977539,
                    1.9845904111862183
                ],
                [
                    -2.0619714824476887e-09,
                    0.9988807439804077,
                    0.047301001846790314,
                    0.09460220485925674
                ],
                [
                    0,
                    0,
                    0,
                    1
                ]
            ]
        },
        {
            "file_path": "043.png",
            "camera_angle_x": 0.6981317007977318,
            "transform_matrix": [
                [
                    0.993407130241394,
                    0.006441604346036911,
                    -0.11445841193199158,
                    -0.22891682386398315
                ],
                [
                    -0.1146395280957222,
                    0.05581959709525108,
                    -0.9918376803398132,
                    -1.9836753606796265
                ],
                [
                    -2.4412614152424794e-09,
                    0.9984201192855835,
                    0.05619005113840103,
                    0.11237998306751251
                ],
                [
                    0,
                    0,
                    0,
                    1
                ]
            ]
        },
        {
            "file_path": "044.png",
            "camera_angle_x": 0.6981317007977318,
            "transform_matrix": [
                [
                    -0.6213825345039368,
                    -0.05098981782793999,
                    0.7818465232849121,
                    1.5636928081512451
                ],
                [
                    0.7835074663162231,
                    -0.040438875555992126,
                    0.6200652122497559,
                    1.2401305437088013
                ],
                [
                    -5.987250517591747e-08,
                    0.9978801608085632,
                    0.06507882475852966,
                    0.13015776872634888
                ],
                [
                    0,
                    0,
                    0,
                    1
                ]
