{
    "aabb": [
        [
            -0.5,
            -0.5,
            -0.5
        ],
        [
            0.5,
            0.5,
            0.5
        ]
    ],
    "scale": 0.15465230016270867,
    "offset": [
        -0.024651452898979187,
        0.00022980570793151855,
        -0.44132834672927856
    ],
    "frames": [
        {
            "file_path": "000.png",
            "camera_angle_x": 0.6981317007977318,
            "transform_matrix": [
                [
                    -0.7480835318565369,
                    0.6550290584564209,
                    0.10634071379899979,
                    0.21268145740032196
                ],
                [
                    0.6636048555374146,
                    0.7384157776832581,
                    0.1198781281709671,
                    0.23975634574890137
                ],
                [
                    -1.6172887029597405e-08,
                    0.1602470427751541,
                    -0.9870771169662476,
                    -1.9741538763046265
                ],
                [
                    0,
                    0,
                    0,
                    1
                ]
            ]
        },
        {
            "file_path": "001.png",
            "camera_angle_x": 0.6981317007977318,
            "transform_matrix": [
                [
                    0.7480833530426025,
                    -0.6373328566551208,
                    -0.18487335741519928,
                    -0.3697466552257538
                ],
                [
                    -0.6636047959327698,
                    -0.7184670567512512,
                    -0.20840826630592346,
                    -0.4168163537979126
                ],
                [
                    3.031123796404245e-08,
                    0.2785896062850952,
                    -0.9604103565216064,
                    -1.9208204746246338
                ],
                [
                    0,
                    0,
                    0,
                    1
                ]
            ]
        },
        {
            "file_path": "002.png",
            "camera_angle_x": 0.6981317007977318,
            "transform_matrix": [
                [
                    -0.6636049747467041,
                    -0.6985180377960205,
                    -0.267770916223526,
                    -0.5355417728424072
                ],
                [
                    -0.7480833530426025,
                    0.6196367144584656,
                    0.23753248155117035,
                    0.47506481409072876
                ],
                [
                    -2.0852084503530932e-08,
                    0.3579426407814026,
                    -0.9337437748908997,
                    -1.8674871921539307
                ],
                [
                    0,
                    0,
                    0,
                    1
                ]
            ]
        },
        {
            "file_path": "003.png",
            "camera_angle_x": 0.6981317007977318,
            "transform_matrix": [
                [
                    0.6636046767234802,
                    0.6785693764686584,
                    0.3149168789386749,
                    0.6298336386680603
                ],
                [
                    0.7480835318565369,
                    -0.6019409894943237,
                    -0.27935436367988586,
                    -0.5587086081504822
                ],
                [
                    -1.8311121507963435e-08,
                    0.4209649860858917,
                    -0.907077431678772,
                    -1.8141539096832275
                ],
                [
                    0,
                    0,
                    0,
                    1
                ]
            ]
        },
        {
            "file_path": "004.png",
            "camera_angle_x": 0.6981317007977318,
            "transform_matrix": [
                [
                    -0.9982142448425293,
                    -0.05259163677692413,
                    -0.028327278792858124,
                    -0.056654561311006546
                ],
                [
                    -0.05973537266254425,
                    0.878838062286377,
                    0.4733659327030182,
                    0.9467319250106812
                ],
                [
                    1.1895778806447765e-09,
                    0.47421276569366455,
                    -0.8804102540016174,
                    -1.7608205080032349
                ],
                [
                    0,
                    0,
                    0,
                    1
                ]
            ]
        },
        {
            "file_path": "005.png",
            "camera_angle_x": 0.6981317007977318,
            "transform_matrix": [
                [
                    0.9982142448425293,
                    0.05099869519472122,
                    0.0311038326472044,
                    0.0622076652944088
                ],
                [
                    0.05973537638783455,
                    -0.8522190451622009,
                    -0.5197638273239136,
                    -1.0395276546478271
                ],
                [
                    3.1533564648356105e-10,
                    0.5206936597824097,
                    -0.8537436127662659,
                    -1.7074872255325317
                ],
                [
                    0,
                    0,
                    0,
                    1
                ]
            ]
        },
        {
            "file_path": "006.png",
            "camera_angle_x": 0.6981317007977318,
            "transform_matrix": [
                [
                    0.059735313057899475,
                    -0.8256000876426697,
                    -0.5610851049423218,
                    -1.1221699714660645
                ],
                [
                    -0.9982144236564636,
                    -0.049405988305807114,
                    -0.03357665613293648,
                    -0.06715317070484161
                ],
                [
                    1.5405499098619657e-08,
                    0.5620889067649841,
                    -0.8270772099494934,
                    -1.654153823852539
                ],
                [
                    0,
                    0,
                    0,
                    1
                ]
            ]
        },
        {
            "file_path": "007.png",
            "camera_angle_x": 0.6981317007977318,
            "transform_matrix": [
                [
                    -0.05973546952009201,
                    0.7989809513092041,
                    0.5983820557594299,
                    1.1967642307281494
                ],
                [
                    0.9982142448425293,
                    0.04781292378902435,
                    0.03580855578184128,
                    0.07161705940961838
                ],
                [
                    -3.625352462677256e-08,
                    0.599452555179596,
                    -0.800410270690918,
                    -1.600820541381836
                ],
                [
                    0,
                    0,
                    0,
                    1
                ]
            ]
        },
        {
            "file_path": "008.png",
            "camera_angle_x": 0.6981317007977318,
            "transform_matrix": [
                [
                    -0.9450895190238953,
                    0.25286853313446045,
                    0.2070349156856537,
                    0.4140697717666626
                ],
                [
                    0.3268117904663086,
                    0.7312568426132202,
                    0.5987131595611572,
                    1.197426199913025
                ],
                [
                    2.1165023511571235e-08,
                    0.6334989666938782,
                    -0.7737436294555664,
                    -1.5474872589111328
                ],
                [
                    0,
                    0,
                    0,
                    1
                ]
            ]
        },
        {
            "file_path": "009.png",
            "camera_angle_x": 0.6981317007977318,
            "transform_matrix": [
                [
                    0.9450894594192505,
                    -0.24415352940559387,
                    -0.21724404394626617,
                    -0.43448811769485474
                ],
                [
                    -0.3268117606639862,
                    -0.7060546278953552,
                    -0.6282364726066589,
                    -1.2564729452133179
                ],
                [
                    -8.478362012454e-09,
                    0.6647375822067261,
                    -0.7470770478248596,
                    -1.4941538572311401
                ],
                [
                    0,
                    0,
                    0,
                    1
                ]
            ]
        },
        {
            "file_path": "010.png",
            "camera_angle_x": 0.6981317007977318,
            "transform_matrix": [
                [
                    -0.326811820268631,
                    -0.6808521747589111,
                    -0.6554650664329529,
                    -1.3109301328659058
                ],
                [
                    -0.9450895190238953,
                    0.2354385256767273,
                    0.22665970027446747,
                    0.45331940054893494
                ],
                [
                    -2.3676420823903754e-09,
                    0.6935481429100037,
                    -0.7204103469848633,
                    -1.440820574760437
                ],
                [
                    0,
                    0,
                    0,
                    1
                ]
            ]
        },
        {
            "file_path": "011.png",
            "camera_angle_x": 0.6981317007977318,
            "transform_matrix": [
                [
                    0.32681170105934143,
                    0.6556498408317566,
                    0.6806742548942566,
                    1.3613485097885132
                ],
                [
                    0.9450894594192505,
                    -0.2267235517501831,
                    -0.2353769987821579,
                    -0.47075408697128296
                ],
                [
                    2.489057848720222e-09,
                    0.7202220559120178,
                    -0.6937436461448669,
                    -1.3874871730804443
                ],
                [
                    0,
                    0,
                    0,
                    1
                ]
            ]
        },
        {
            "file_path": "012.png",
            "camera_angle_x": 0.6981317007977318,
            "transform_matrix": [
                [
                    -0.8993701934814453,
                    -0.2916382849216461,
                    -0.32570043206214905,
                    -0.6514008641242981
                ],
                [
                    -0.43718835711479187,
                    0.5999489426612854,
                    0.6700206398963928,
                    1.340041160583496
                ],
                [
                    4.71893635278775e-10,
                    0.7449888586997986,
                    -0.6670771241188049,
                    -1.3341538906097412
                ],
                [
                    0,
                    0,
                    0,
                    1
                ]
            ]
        },
        {
            "file_path": "013.png",
            "camera_angle_x": 0.6981317007977318,
            "transform_matrix": [
                [
                    0.8993699550628662,
                    0.2799799144268036,
                    0.33577507734298706,
                    0.6715501546859741
                ],
                [
                    0.43718835711479187,
                    -0.5759657025337219,
                    -0.6907458305358887,
                    -1.3814916610717773
                ],
                [
                    -2.4051331593000214e-08,
                    0.7680330276489258,
                    -0.6404102444648743,
                    -1.2808204889297485
                ],
                [
                    0,
                    0,
                    0,
                    1
                ]
            ]
        },
        {
            "file_path": "014.png",
            "camera_angle_x": 0.6981317007977318,
            "transform_matrix": [
                [
                    0.4371882379055023,
                    -0.5519826412200928,
                    -0.7100574970245361,
                    -1.4201148748397827
                ],
                [
                    -0.8993700742721558,
                    -0.26832151412963867,
                    -0.3451625406742096,
                    -0.690325140953064
                ],
                [
                    4.265238473522004e-08,
                    0.7895054817199707,
                    -0.6137436628341675,
                    -1.2274872064590454
                ],
                [
                    0,
                    0,
                    0,
                    1
                ]
            ]
        },
        {
            "file_path": "015.png",
            "camera_angle_x": 0.6981317007977318,
            "transform_matrix": [
                [
                    -0.43718835711479187,
                    0.5279993414878845,
                    0.7280679941177368,
                    1.4561359882354736
                ],
                [
                    0.8993699550628662,
                    0.25666317343711853,
                    0.35391759872436523,
                    0.7078351974487305
                ],
                [
                    4.0268503198603867e-08,
                    0.8095311522483826,
                    -0.5870769023895264,
                    -1.1741539239883423
                ],
                [
                    0,
                    0,
                    0,
                    1
                ]
            ]
        },
        {
            "file_path": "016.png",
            "camera_angle_x": 0.6981317007977318,
            "transform_matrix": [
                [
                    -0.8631720542907715,
                    0.2829567492008209,
                    0.4181740880012512,
                    0.8363481760025024
                ],
                [
                    0.5049099922180176,
                    0.4837304949760437,
                    0.7148921489715576,
                    1.4297842979431152
                ],
                [
                    -1.8042166871623522e-08,
                    0.8282151222229004,
                    -0.5604103803634644,
                    -1.1208205223083496
                ],
                [
                    0,
                    0,
                    0,
                    1
                ]
            ]
        },
        {
            "file_path": "017.png",
            "camera_angle_x": 0.6981317007977318,
            "transform_matrix": [
                [
                    0.8631719946861267,
                    -0.2694925367832184,
                    -0.4269753098487854,
                    -0.853950560092926
                ],
                [
                    -0.5049099922180176,
                    -0.46071261167526245,
                    -0.729938268661499,
                    -1.459876537322998
                ],
                [
                    2.186749981092362e-08,
                    0.8456463813781738,
                    -0.533743679523468,
                    -1.0674872398376465
                ],
                [
                    0,
                    0,
                    0,
                    1
                ]
            ]
        },
        {
            "file_path": "018.png",
            "camera_angle_x": 0.6981317007977318,
            "transform_matrix": [
                [
                    -0.5049099922180176,
                    -0.4376946687698364,
                    -0.743968665599823,
                    -1.487937331199646
                ],
                [
                    -0.8631720542907715,
                    0.2560282349586487,
                    0.43518227338790894,
                    0.8703646063804626
                ],
                [
                    5.759632770718781e-08,
                    0.861900806427002,
                    -0.5070770382881165,
                    -1.0141538381576538
                ],
                [
                    0,
                    0,
                    0,
                    1
                ]
            ]
        },
        {
            "file_path": "019.png",
            "camera_angle_x": 0.6981317007977318,
            "transform_matrix": [
                [
                    0.5049099922180176,
                    0.414676696062088,
                    0.7570396661758423,
                    1.5140794515609741
                ],
                [
                    0.8631719946861267,
                    -0.24256393313407898,
                    -0.4428281784057617,
                    -0.8856564164161682
                ],
                [
                    2.150781241994082e-08,
                    0.8770438432693481,
                    -0.48041024804115295,
                    -0.9608205556869507
                ],
                [
                    0,
                    0,
                    0,
                    1
                ]
            ]
        },
        {
            "file_path": "020.png",
            "camera_angle_x": 0.6981317007977318,
            "transform_matrix": [
                [
                    -0.9673802256584167,
                    -0.11494665592908859,
                    -0.225750133395195,
                    -0.4515002369880676
                ],
                [
                    -0.2533295452594757,
                    0.43894246220588684,
                    0.8620636463165283,
                    1.724127173423767
                ],
                [
                    -1.0341416611936438e-09,
                    0.8911323547363281,
                    -0.45374372601509094,
                    -0.9074872136116028
                ],
                [
                    0,
                    0,
                    0,
                    1
                ]
            ]
        },
        {
            "file_path": "021.png",
            "camera_angle_x": 0.6981317007977318,
            "transform_matrix": [
                [
                    0.9673800468444824,
                    0.10819117724895477,
                    0.22906440496444702,
                    0.45812883973121643
                ],
                [
                    0.25332948565483093,
                    -0.4131457507610321,
                    -0.8747198581695557,
                    -1.7494397163391113
                ],
                [
                    7.568878857000527e-10,
                    0.9042153358459473,
                    -0.42707696557044983,
                    -0.8541538715362549
                ],
                [
                    0,
                    0,
                    0,
                    1
                ]
            ]
        },
        {
            "file_path": "022.png",
            "camera_angle_x": 0.6981317007977318,
            "transform_matrix": [
                [
                    0.25332948565483093,
                    -0.3873489499092102,
                    -0.886445164680481,
                    -1.772890329360962
                ],
                [
                    -0.9673800468444824,
                    -0.10143580287694931,
                    -0.23213490843772888,
                    -0.4642699062824249
                ],
                [
                    -4.99428161049309e-08,
                    0.9163359999656677,
                    -0.40041032433509827,
                    -0.800820529460907
                ],
                [
                    0,
                    0,
                    0,
                    1
                ]
            ]
        },
        {
            "file_path": "023.png",
            "camera_angle_x": 0.6981317007977318,
            "transform_matrix": [
                [
                    -0.25332966446876526,
                    0.36155202984809875,
                    0.8972760438919067,
                    1.794551968574524
                ],
                [
                    0.9673800468444824,
                    0.0946803092956543,
                    0.23497134447097778,
                    0.46994251012802124
                ],
                [
                    -3.918454538620608e-08,
                    0.9275321364402771,
                    -0.37374359369277954,
                    -0.7474871873855591
                ],
                [
                    0,
                    0,
                    0,
                    1
                ]
            ]
        },
        {
            "file_path": "024.png",
            "camera_angle_x": 0.6981317007977318,
            "transform_matrix": [
                [
                    -0.9906877279281616,
                    0.04725603759288788,
                    0.12769055366516113,
                    0.25538110733032227
                ],
                [
                    0.13615436851978302,
                    0.3438447415828705,
                    0.9291032552719116,
                    1.8582063913345337
                ],
                [
                    4.4913841534821586e-09,
                    0.9378367066383362,
                    -0.347076952457428,
                    -0.6941538453102112
                ],
                [
                    0,
                    0,
                    0,
                    1
                ]
            ]
        },
        {
            "file_path": "025.png",
            "camera_angle_x": 0.6981317007977318,
            "transform_matrix": [
                [
                    0.9906876087188721,
                    -0.043625250458717346,
                    -0.12897615134716034,
                    -0.2579523026943207
                ],
                [
                    -0.13615436851978302,
                    -0.317426472902298,
                    -0.9384574890136719,
                    -1.8769149780273438
                ],
                [
                    -5.662128543804101e-10,
                    0.9472789168357849,
                    -0.32041025161743164,
                    -0.6408205628395081
                ],
                [
                    0,
                    0,
                    0,
                    1
                ]
            ]
        },
        {
            "file_path": "026.png",
            "camera_angle_x": 0.6981317007977318,
            "transform_matrix": [
                [
                    -0.1361543834209442,
                    -0.2910081446170807,
                    -0.9469826817512512,
                    -1.8939653635025024
                ],
                [
                    -0.9906876087188721,
                    0.03999459370970726,
                    0.1301477998495102,
                    0.2602955996990204
                ],
                [
                    1.1115584896970176e-07,
                    0.9558842182159424,
                    -0.2937435805797577,
                    -0.5874872207641602
                ],
                [
                    0,
                    0,
                    0,
                    1
                ]
            ]
        },
        {
            "file_path": "027.png",
            "camera_angle_x": 0.6981317007977318,
            "transform_matrix": [
                [
                    0.13615429401397705,
                    0.2645898461341858,
                    0.9547011256217957,
                    1.9094022512435913
                ],
                [
                    0.9906876683235168,
                    -0.03636373206973076,
                    -0.13120855391025543,
                    -0.26241716742515564
                ],
                [
                    9.138851453371899e-09,
                    0.9636752605438232,
                    -0.2670769989490509,
                    -0.5341538786888123
                ],
                [
                    0,
                    0,
                    0,
                    1
                ]
            ]
        },
        {
            "file_path": "028.png",
            "camera_angle_x": 0.6981317007977318,
            "transform_matrix": [
                [
                    -0.7967976331710815,
                    -0.14526699483394623,
                    -0.5865245461463928,
                    -1.1730490922927856
                ],
                [
                    -0.6042462587356567,
                    0.19155827164649963,
                    0.7734286785125732,
                    1.546857237815857
                ],
                [
                    -2.6198156533041583e-08,
                    0.9706713557243347,
                    -0.2404102087020874,
                    -0.48082053661346436
                ],
                [
                    0,
                    0,
                    0,
                    1
                ]
            ]
        },
        {
            "file_path": "029.png",
            "camera_angle_x": 0.6981317007977318,
            "transform_matrix": [
                [
                    0.7967975735664368,
                    0.12915384769439697,
                    0.5902820825576782,
                    1.180564045906067
                ],
                [
                    0.6042463183403015,
                    -0.17031052708625793,
                    -0.7783834338188171,
                    -1.5567668676376343
                ],
                [
                    2.8389379735926923e-10,
                    0.9768897891044617,
                    -0.21374376118183136,
                    -0.42748719453811646
                ],
                [
                    0,
                    0,
                    0,
                    1
                ]
            ]
        },
        {
            "file_path": "030.png",
            "camera_angle_x": 0.6981317007977318,
            "transform_matrix": [
                [
                    0.6042462587356567,
                    -0.14906255900859833,
                    -0.7827304005622864,
                    -1.5654606819152832
                ],
                [
                    -0.7967976331710815,
                    -0.1130407303571701,
                    -0.5935784578323364,
                    -1.1871569156646729
                ],
                [
                    -6.224393445108944e-08,
                    0.9823452830314636,
                    -0.18707714974880219,
                    -0.37415385246276855
                ],
                [
                    0,
                    0,
                    0,
                    1
                ]
            ]
        },
        {
            "file_path": "031.png",
            "camera_angle_x": 0.6981317007977318,
            "transform_matrix": [
                [
                    -0.6042462587356567,
                    0.12781454622745514,
                    0.7864794135093689,
                    1.5729588270187378
                ],
                [
                    0.7967976331710815,
                    0.09692730754613876,
                    0.5964215397834778,
                    1.1928430795669556
                ],
                [
                    1.6279592784940178e-08,
                    0.9870504140853882,
                    -0.16041028499603271,
                    -0.32082054018974304
                ],
                [
                    0,
                    0,
                    0,
                    1
                ]
            ]
        },
        {
            "file_path": "032.png",
            "camera_angle_x": 0.6981317007977318,
            "transform_matrix": [
                [
                    -0.8095256686210632,
                    0.078518807888031,
                    0.581809937953949,
                    1.163619875907898
                ],
                [
                    0.5870843529701233,
                    0.10826893150806427,
                    0.8022529482841492,
                    1.6045058965682983
                ],
                [
                    2.7227301302445994e-08,
                    0.9910159111022949,
                    -0.13374356925487518,
                    -0.26748719811439514
                ],
                [
                    0,
                    0,
                    0,
                    1
                ]
            ]
        },
        {
            "file_path": "033.png",
            "camera_angle_x": 0.6981317007977318,
            "transform_matrix": [
                [
                    0.809525728225708,
                    -0.06286311894655228,
                    -0.5837090611457825,
                    -1.167418122291565
                ],
                [
                    -0.5870843529701233,
                    -0.08668144792318344,
                    -0.8048715591430664,
                    -1.6097432374954224
                ],
                [
                    -1.5413124998531202e-08,
                    0.9942507147789001,
                    -0.10707681626081467,
                    -0.21415387094020844
                ],
                [
                    0,
                    0,
                    0,
                    1
                ]
            ]
        },
        {
            "file_path": "034.png",
            "camera_angle_x": 0.6981317007977318,
            "transform_matrix": [
                [
                    -0.5870844125747681,
                    -0.06509416550397873,
                    -0.8069044947624207,
                    -1.6138088703155518
                ],
                [
                    -0.8095258474349976,
                    0.04720748960971832,
                    0.5851832628250122,
                    1.1703665256500244
                ],
                [
                    -3.53433478039733e-08,
                    0.9967619180679321,
                    -0.08041027188301086,
                    -0.16082052886486053
                ],
                [
                    0,
                    0,
                    0,
                    1
                ]
            ]
        },
        {
            "file_path": "035.png",
            "camera_angle_x": 0.6981317007977318,
            "transform_matrix": [
                [
                    0.5870843529701233,
                    0.04350680112838745,
                    0.8083558678627014,
                    1.6167116165161133
                ],
                [
                    0.8095257878303528,
                    -0.03155212849378586,
                    -0.5862359404563904,
                    -1.1724717617034912
                ],
                [
                    3.63590295648919e-08,
                    0.9985548257827759,
                    -0.053743667900562286,
                    -0.10748720169067383
                ],
                [
                    0,
                    0,
                    0,
                    1
                ]
            ]
        },
        {
            "file_path": "036.png",
            "camera_angle_x": 0.6981317007977318,
            "transform_matrix": [
                [
                    -0.9875525236129761,
                    -0.004258925095200539,
                    -0.15723219513893127,
                    -0.31446436047554016
                ],
                [
                    -0.15728986263275146,
                    0.026739832013845444,
                    0.9871904253959656,
                    1.9743808507919312
                ],
                [
                    -4.79387285423627e-09,
                    0.9996333718299866,
                    -0.027076905593276024,
                    -0.054153867065906525
                ],
                [
                    0,
                    0,
                    0,
                    1
                ]
            ]
        },
        {
            "file_path": "037.png",
            "camera_angle_x": 0.6981317007977318,
            "transform_matrix": [
                [
                    0.9875524640083313,
                    6.454033427871764e-05,
                    0.15728984773159027,
                    0.31457966566085815
                ],
                [
                    0.15728986263275146,
                    -0.0004052956646773964,
                    -0.9875524640083313,
                    -1.975104808807373
                ],
                [
                    4.544972398434766e-09,
                    0.9999999403953552,
                    -0.00041040286305360496,
                    -0.0008205338381230831
                ],
                [
                    0,
                    0,
                    0,
                    1
                ]
            ]
        },
        {
            "file_path": "038.png",
            "camera_angle_x": 0.6981317007977318,
            "transform_matrix": [
                [
                    0.15728987753391266,
                    0.008643181063234806,
                    -0.9875146746635437,
                    -1.9750293493270874
                ],
                [
                    -0.9875525236129761,
                    0.0013765698531642556,
                    -0.15728390216827393,
                    -0.3145676255226135
                ],
                [
                    -8.661288575240178e-09,
                    0.9999617338180542,
                    0.00875207968056202,
                    0.017504267394542694
                ],
                [
                    0,
                    0,
                    0,
                    1
                ]
            ]
        },
        {
            "file_path": "039.png",
            "camera_angle_x": 0.6981317007977318,
            "transform_matrix": [
                [
                    -0.1572900116443634,
                    -0.017421593889594078,
                    0.9873989820480347,
                    1.9747976064682007
                ],
                [
                    0.9875526428222656,
                    -0.002774985507130623,
                    0.15726536512374878,
                    0.31453073024749756
                ],
                [
                    4.663142050276292e-08,
                    0.9998445510864258,
                    0.017641030251979828,
                    0.03528204560279846
                ],
                [
                    0,
                    0,
                    0,
                    1
                ]
            ]
        },
        {
            "file_path": "040.png",
            "camera_angle_x": 0.6981317007977318,
            "transform_matrix": [
                [
                    -0.9725719690322876,
                    -0.006170920096337795,
                    0.23252125084400177,
                    0.46504247188568115
                ],
                [
                    0.23260313272476196,
                    -0.025802211835980415,
                    0.972229540348053,
                    1.9444588422775269
                ],
                [
                    -1.521827641681739e-08,
                    0.9996481537818909,
                    0.026529649272561073,
                    0.05305982381105423
                ],
                [
                    0,
                    0,
                    0,
                    1
                ]
            ]
        },
        {
            "file_path": "041.png",
            "camera_angle_x": 0.6981317007977318,
            "transform_matrix": [
                [
                    0.9725717306137085,
                    0.008238536305725574,
                    -0.23245716094970703,
                    -0.46491432189941406
                ],
                [
                    -0.23260310292243958,
                    0.034447334706783295,
                    -0.9719615578651428,
                    -1.943922996520996
                ],
                [
                    -5.103400368966504e-09,
                    0.9993726015090942,
                    0.035418812185525894,
                    0.07083760201931
                ],
                [
                    0,
                    0,
                    0,
                    1
                ]
            ]
        },
        {
            "file_path": "042.png",
            "camera_angle_x": 0.6981317007977318,
            "transform_matrix": [
                [
                    -0.23260340094566345,
                    0.04309234023094177,
                    -0.971616804599762,
                    -1.9432332515716553
                ],
                [
                    -0.9725719690322876,
                    -0.010306366719305515,
                    0.23237474262714386,
                    0.4647493362426758
                ],
                [
                    -5.17772491548385e-08,
                    0.999018132686615,
                    0.0443074107170105,
                    0.08861538022756577
                ],
                [
                    0,
                    0,
                    0,
                    1
                ]
            ]
        },
        {
            "file_path": "043.png",
            "camera_angle_x": 0.6981317007977318,
            "transform_matrix": [
                [
                    0.2326030433177948,
                    -0.05173749476671219,
                    0.9711946845054626,
                    1.9423892498016357
                ],
                [
                    0.9725717902183533,
                    0.012373660691082478,
                    -0.23227372765541077,
                    -0.4645475149154663
                ],
                [
                    -1.7957795250822528e-08,
                    0.9985840916633606,
                    0.05319654196500778,
                    0.10639315843582153
                ],
                [
                    0,
                    0,
                    0,
                    1
                ]
            ]
        },
        {
            "file_path": "044.png",
            "camera_angle_x": 0.6981317007977318,
            "transform_matrix": [
                [
                    -0.8521872758865356,
                    0.032485414296388626,
                    -0.52222740650177,
                    -1.04445481300354
                ],
                [
                    -0.5232368111610413,
                    -0.05290843918919563,
                    0.8505433201789856,
                    1.7010866403579712
                ],
                [
                    2.9478535168436792e-09,
                    0.9980708360671997,
                    0.062085505574941635,
                    0.1241709366440773
                ],
                [
                    0,
                    0,
                    0,
