{
    "aabb": [
        [
            -0.5,
            -0.5,
            -0.5
        ],
        [
            0.5,
            0.5,
            0.5
        ]
    ],
    "scale": 0.0003713294164244549,
    "offset": [
        -0.0,
        0.07132609188556671,
        -0.03257175534963608
    ],
    "frames": [
        {
            "file_path": "000.png",
            "camera_angle_x": 0.6981317007977318,
            "transform_matrix": [
                [
                    0.959760844707489,
                    0.27941006422042847,
                    0.028091756626963615,
                    0.056183572858572006
                ],
                [
                    0.2808186709880829,
                    -0.9549466371536255,
                    -0.09600978344678879,
                    -0.1920199990272522
                ],
                [
                    2.8582515909647555e-08,
                    0.10003511607646942,
                    -0.994983971118927,
                    -1.9899678230285645
                ],
                [
                    0,
                    0,
                    0,
                    1
                ]
            ]
        },
        {
            "file_path": "001.png",
            "camera_angle_x": 0.6981317007977318,
            "transform_matrix": [
                [
                    -0.9597609639167786,
                    -0.2719215452671051,
                    -0.0701269805431366,
                    -0.140253946185112
                ],
                [
                    -0.2808186709880829,
                    0.9293529391288757,
                    0.23967474699020386,
                    0.47934943437576294
                ],
                [
                    -5.011074666327886e-09,
                    0.2497234046459198,
                    -0.9683173298835754,
                    -1.9366344213485718
                ],
                [
                    0,
                    0,
                    0,
                    1
                ]
            ]
        },
        {
            "file_path": "002.png",
            "camera_angle_x": 0.6981317007977318,
            "transform_matrix": [
                [
                    -0.2808187007904053,
                    0.9037594199180603,
                    0.3230478763580322,
                    0.6460958123207092
                ],
                [
                    0.9597609639167786,
                    0.2644329369068146,
                    0.09452127665281296,
                    0.18904265761375427
                ],
                [
                    -2.75403486682535e-08,
                    0.33659204840660095,
                    -0.9416507482528687,
                    -1.8833011388778687
                ],
                [
                    0,
                    0,
                    0,
                    1
                ]
            ]
        },
        {
            "file_path": "003.png",
            "camera_angle_x": 0.6981317007977318,
            "transform_matrix": [
                [
                    0.2808186113834381,
                    -0.8781657218933105,
                    -0.38725435733795166,
                    -0.774508535861969
                ],
                [
                    -0.9597609043121338,
                    -0.2569446265697479,
                    -0.11330766975879669,
                    -0.22661523520946503
                ],
                [
                    1.3907346385622077e-08,
                    0.40349048376083374,
                    -0.9149839878082275,
                    -1.829967737197876
                ],
                [
                    0,
                    0,
                    0,
                    1
                ]
            ]
        },
        {
            "file_path": "004.png",
            "camera_angle_x": 0.6981317007977318,
            "transform_matrix": [
                [
                    0.48008453845977783,
                    0.7792516946792603,
                    0.4028470814228058,
                    0.8056941032409668
                ],
                [
                    0.8772222995758057,
                    -0.42646753787994385,
                    -0.2204694151878357,
                    -0.44093888998031616
                ],
                [
                    -9.763995834077832e-09,
                    0.45923036336898804,
                    -0.8883174061775208,
                    -1.7766344547271729
                ],
                [
                    0,
                    0,
                    0,
                    1
                ]
            ]
        },
        {
            "file_path": "005.png",
            "camera_angle_x": 0.6981317007977318,
            "transform_matrix": [
                [
                    -0.4800846576690674,
                    -0.7558590769767761,
                    -0.4451920688152313,
                    -0.8903840780258179
                ],
                [
                    -0.8772222399711609,
                    0.4136650860309601,
                    0.24364395439624786,
                    0.48728787899017334
                ],
                [
                    -3.747445020962914e-08,
                    0.5075020790100098,
                    -0.8616506457328796,
                    -1.7233010530471802
                ],
                [
                    0,
                    0,
                    0,
                    1
                ]
            ]
        },
        {
            "file_path": "006.png",
            "camera_angle_x": 0.6981317007977318,
            "transform_matrix": [
                [
                    -0.8772222399711609,
                    0.40086302161216736,
                    0.2641783356666565,
                    0.5283566117286682
                ],
                [
                    0.48008471727371216,
                    0.7324663400650024,
                    0.48271292448043823,
                    0.9654257893562317
                ],
                [
                    2.9939538848111624e-08,
                    0.5502744317054749,
                    -0.8349839448928833,
                    -1.669967770576477
                ],
                [
                    0,
                    0,
                    0,
                    1
                ]
            ]
        },
        {
            "file_path": "007.png",
            "camera_angle_x": 0.6981317007977318,
            "transform_matrix": [
                [
                    0.8772221207618713,
                    -0.3880607485771179,
                    -0.282648503780365,
                    -0.56529700756073
                ],
                [
                    -0.48008468747138977,
                    -0.7090738415718079,
                    -0.5164620876312256,
                    -1.0329241752624512
                ],
                [
                    1.557434181620465e-08,
                    0.5887472033500671,
                    -0.8083173036575317,
                    -1.616634488105774
                ],
                [
                    0,
                    0,
                    0,
                    1
                ]
            ]
        },
        {
            "file_path": "008.png",
            "camera_angle_x": 0.6981317007977318,
            "transform_matrix": [
                [
                    0.779238760471344,
                    0.489881694316864,
                    0.3909001648426056,
                    0.7818002700805664
                ],
                [
                    0.6267272233963013,
                    -0.6090928912162781,
                    -0.48602423071861267,
                    -0.9720483422279358
                ],
                [
                    4.623611715715015e-08,
                    0.6237166523933411,
                    -0.7816510200500488,
                    -1.5633010864257812
                ],
                [
                    0,
                    0,
                    0,
                    1
                ]
            ]
        },
        {
            "file_path": "009.png",
            "camera_angle_x": 0.6981317007977318,
            "transform_matrix": [
                [
                    -0.7792392373085022,
                    -0.4731689691543579,
                    -0.4109722673892975,
                    -0.8219443559646606
                ],
                [
                    -0.626727283000946,
                    0.5883126258850098,
                    0.5109808444976807,
                    1.0219613313674927
                ],
                [
                    -8.215517155463203e-10,
                    0.6557435393333435,
                    -0.7549842596054077,
                    -1.5099678039550781
                ],
                [
                    0,
                    0,
                    0,
                    1
                ]
            ]
        },
        {
            "file_path": "010.png",
            "camera_angle_x": 0.6981317007977318,
            "transform_matrix": [
                [
                    -0.6267275810241699,
                    0.5675330758094788,
                    0.5339658260345459,
                    1.0679312944412231
                ],
                [
                    0.7792389392852783,
                    0.4564560353755951,
                    0.42945873737335205,
                    0.8589171767234802
                ],
                [
                    -6.4251786113800335e-09,
                    0.6852403283119202,
                    -0.7283175587654114,
                    -1.4566344022750854
                ],
                [
                    0,
                    0,
                    0,
                    1
                ]
            ]
        },
        {
            "file_path": "011.png",
            "camera_angle_x": 0.6981317007977318,
            "transform_matrix": [
                [
                    0.6267271637916565,
                    -0.5467533469200134,
                    -0.5552241802215576,
                    -1.1104483604431152
                ],
                [
                    -0.779238760471344,
                    -0.4397435486316681,
                    -0.44655641913414,
                    -0.89311283826828
                ],
                [
                    -4.93639618071029e-09,
                    0.7125212550163269,
                    -0.7016506195068359,
                    -1.4033011198043823
                ],
                [
                    0,
                    0,
                    0,
                    1
                ]
            ]
        },
        {
            "file_path": "012.png",
            "camera_angle_x": 0.6981317007977318,
            "transform_matrix": [
                [
                    0.107841856777668,
                    0.6710474491119385,
                    0.7335295677185059,
                    1.4670588970184326
                ],
                [
                    0.9941681623458862,
                    -0.07279162108898163,
                    -0.07956930249929428,
                    -0.15913864970207214
                ],
                [
                    -3.404011295060627e-08,
                    0.7378325462341309,
                    -0.6749839782714844,
                    -1.3499677181243896
                ],
                [
                    0,
                    0,
                    0,
                    1
                ]
            ]
        },
        {
            "file_path": "013.png",
            "camera_angle_x": 0.6981317007977318,
            "transform_matrix": [
                [
                    -0.10784193128347397,
                    -0.6445361971855164,
                    -0.7569301128387451,
                    -1.5138601064682007
                ],
                [
                    -0.9941680431365967,
                    0.06991574168205261,
                    0.08210769295692444,
                    0.16421540081501007
                ],
                [
                    -5.275110481761658e-08,
                    0.7613703608512878,
                    -0.6483171582221985,
                    -1.2966344356536865
                ],
                [
                    0,
                    0,
                    0,
                    1
                ]
            ]
        },
        {
            "file_path": "014.png",
            "camera_angle_x": 0.6981317007977318,
            "transform_matrix": [
                [
                    -0.9941681027412415,
                    0.06704004853963852,
                    0.08447206020355225,
                    0.16894413530826569
                ],
                [
                    0.10784200578927994,
                    0.6180251836776733,
                    0.7787265181541443,
                    1.5574531555175781
                ],
                [
                    3.895273881227013e-09,
                    0.783294677734375,
                    -0.6216506958007812,
                    -1.2433011531829834
                ],
                [
                    0,
                    0,
                    0,
                    1
                ]
            ]
        },
        {
            "file_path": "015.png",
            "camera_angle_x": 0.6981317007977318,
            "transform_matrix": [
                [
                    0.9941680431365967,
                    -0.06416425108909607,
                    -0.08667667955160141,
                    -0.17335334420204163
                ],
                [
                    -0.10784200578927994,
                    -0.5915139317512512,
                    -0.7990503311157227,
                    -1.5981005430221558
                ],
                [
                    5.582858619845865e-09,
                    0.8037376999855042,
                    -0.5949838757514954,
                    -1.1899677515029907
                ],
                [
                    0,
                    0,
                    0,
                    1
                ]
            ]
        },
        {
            "file_path": "016.png",
            "camera_angle_x": 0.6981317007977318,
            "transform_matrix": [
                [
                    0.8865342736244202,
                    0.26293930411338806,
                    0.38068342208862305,
                    0.7613667845726013
                ],
                [
                    0.46266287565231323,
                    -0.5038327574729919,
                    -0.7294489741325378,
                    -1.4588978290557861
                ],
                [
                    -5.793492974248693e-08,
                    0.822809636592865,
                    -0.5683172345161438,
                    -1.1366344690322876
                ],
                [
                    0,
                    0,
                    0,
                    1
                ]
            ]
        },
        {
            "file_path": "017.png",
            "camera_angle_x": 0.6981317007977318,
            "transform_matrix": [
                [
                    -0.8865343332290649,
                    -0.25060155987739563,
                    -0.3889161944389343,
                    -0.7778322100639343
                ],
                [
                    -0.46266287565231323,
                    0.480191707611084,
                    0.745224118232727,
                    1.4904481172561646
                ],
                [
                    -1.0445562637073635e-08,
                    0.8406038284301758,
                    -0.5416504740715027,
                    -1.083301067352295
                ],
                [
                    0,
                    0,
                    0,
                    1
                ]
            ]
        },
        {
            "file_path": "018.png",
            "camera_angle_x": 0.6981317007977318,
            "transform_matrix": [
                [
                    -0.4626629650592804,
                    0.4565509259700775,
                    0.7599371671676636,
                    1.5198742151260376
                ],
                [
                    0.8865343928337097,
                    0.23826386034488678,
                    0.3965945541858673,
                    0.7931890487670898
                ],
                [
                    -1.3618583594166012e-08,
                    0.8571999073028564,
                    -0.5149840116500854,
                    -1.0299677848815918
                ],
                [
                    0,
                    0,
                    0,
                    1
                ]
            ]
        },
        {
            "file_path": "019.png",
            "camera_angle_x": 0.6981317007977318,
            "transform_matrix": [
                [
                    0.4626627266407013,
                    -0.4329100251197815,
                    -0.7736486196517944,
                    -1.5472971200942993
                ],
                [
                    -0.8865344524383545,
                    -0.22592630982398987,
                    -0.4037501811981201,
                    -0.807500422000885
                ],
                [
                    3.1373481590435404e-09,
                    0.8726662397384644,
                    -0.4883173406124115,
                    -0.9766344428062439
                ],
                [
                    0,
                    0,
                    0,
                    1
                ]
            ]
        },
        {
            "file_path": "020.png",
            "camera_angle_x": 0.6981317007977318,
            "transform_matrix": [
                [
                    0.2997224032878876,
                    0.4404267966747284,
                    0.846280574798584,
                    1.6925610303878784
                ],
                [
                    0.954026460647583,
                    -0.13836705684661865,
                    -0.2658723294734955,
                    -0.531744658946991
                ],
                [
                    3.1542803924367036e-08,
                    0.8870619535446167,
                    -0.461650550365448,
                    -0.923301100730896
                ],
                [
                    0,
                    0,
                    0,
                    1
                ]
            ]
        },
        {
            "file_path": "021.png",
            "camera_angle_x": 0.6981317007977318,
            "transform_matrix": [
                [
                    -0.2997226119041443,
                    -0.4149862229824066,
                    -0.8590419888496399,
                    -1.7180838584899902
                ],
                [
                    -0.9540265798568726,
                    0.13037440180778503,
                    0.26988157629966736,
                    0.5397630333900452
                ],
                [
                    6.211362091335104e-08,
                    0.9004383087158203,
                    -0.43498411774635315,
                    -0.8699677586555481
                ],
                [
                    0,
                    0,
                    0,
                    1
                ]
            ]
        },
        {
            "file_path": "022.png",
            "camera_angle_x": 0.6981317007977318,
            "transform_matrix": [
                [
                    -0.9540265202522278,
                    0.12238182872533798,
                    0.27359867095947266,
                    0.5471972823143005
                ],
                [
                    0.29972243309020996,
                    0.38954538106918335,
                    0.8708736300468445,
                    1.741747260093689
                ],
                [
                    8.025031306146957e-09,
                    0.9128401279449463,
                    -0.4083172678947449,
                    -0.8166344165802002
                ],
                [
                    0,
                    0,
                    0,
                    1
                ]
            ]
        },
        {
            "file_path": "023.png",
            "camera_angle_x": 0.6981317007977318,
            "transform_matrix": [
                [
                    0.954026460647583,
                    -0.11438922584056854,
                    -0.2770354747772217,
                    -0.5540708303451538
                ],
                [
                    -0.29972243309020996,
                    -0.3641050457954407,
                    -0.8818132877349854,
                    -1.7636260986328125
                ],
                [
                    7.092495479810168e-10,
                    0.9243069291114807,
                    -0.3816508650779724,
                    -0.7633010745048523
                ],
                [
                    0,
                    0,
                    0,
                    1
                ]
            ]
        },
        {
            "file_path": "024.png",
            "camera_angle_x": 0.6981317007977318,
            "transform_matrix": [
                [
                    0.6419975161552429,
                    0.27216851711273193,
                    0.7167729735374451,
                    1.4335459470748901
                ],
                [
                    0.7667067646980286,
                    -0.22789882123470306,
                    -0.6001858115196228,
                    -1.200371503829956
                ],
                [
                    9.030790337760664e-09,
                    0.9348724484443665,
                    -0.354983925819397,
                    -0.7099677920341492
                ],
                [
                    0,
                    0,
                    0,
                    1
                ]
            ]
        },
        {
            "file_path": "025.png",
            "camera_angle_x": 0.6981317007977318,
            "transform_matrix": [
                [
                    -0.6419974565505981,
                    -0.2517230212688446,
                    -0.724206268787384,
                    -1.448412537574768
                ],
                [
                    -0.7667067050933838,
                    0.21077880263328552,
                    0.6064099669456482,
                    1.212820053100586
                ],
                [
                    -2.693589706836974e-08,
                    0.9445675015449524,
                    -0.32831716537475586,
                    -0.6566344499588013
                ],
                [
                    0,
                    0,
                    0,
                    1
                ]
            ]
        },
        {
            "file_path": "026.png",
            "camera_angle_x": 0.6981317007977318,
            "transform_matrix": [
                [
                    -0.7667067646980286,
                    0.1936589628458023,
                    0.6120924353599548,
                    1.2241847515106201
                ],
                [
                    0.6419975757598877,
                    0.2312774360179901,
                    0.7309924364089966,
                    1.4619848728179932
                ],
                [
                    3.79949085527187e-08,
                    0.9534186124801636,
                    -0.30165064334869385,
                    -0.6033011078834534
                ],
                [
                    0,
                    0,
                    0,
                    1
                ]
            ]
        },
        {
            "file_path": "027.png",
            "camera_angle_x": 0.6981317007977318,
            "transform_matrix": [
                [
                    0.7667067646980286,
                    -0.17653892934322357,
                    -0.6172477602958679,
                    -1.2344955205917358
                ],
                [
                    -0.6419975161552429,
                    -0.21083204448223114,
                    -0.7371493577957153,
                    -1.4742985963821411
                ],
                [
                    -1.851946862529985e-08,
                    0.9614489078521729,
                    -0.2749839127063751,
                    -0.5499677658081055
                ],
                [
                    0,
                    0,
                    0,
                    1
                ]
            ]
        },
        {
            "file_path": "028.png",
            "camera_angle_x": 0.6981317007977318,
            "transform_matrix": [
                [
                    -0.08818276971578598,
                    0.2473497986793518,
                    0.9649050831794739,
                    1.9298101663589478
                ],
                [
                    0.9961043000221252,
                    0.021897392347455025,
                    0.08542078733444214,
                    0.17084145545959473
                ],
                [
                    -6.496451021575922e-08,
                    0.9686787724494934,
                    -0.24831713736057281,
                    -0.49663442373275757
                ],
                [
                    0,
                    0,
                    0,
                    1
                ]
            ]
        },
        {
            "file_path": "029.png",
            "camera_angle_x": 0.6981317007977318,
            "transform_matrix": [
                [
                    0.08818250894546509,
                    -0.22078709304332733,
                    -0.9713274836540222,
                    -1.9426547288894653
                ],
                [
                    -0.9961044192314148,
                    -0.019545866176486015,
                    -0.08598913997411728,
                    -0.17197854816913605
                ],
                [
                    -5.998101926252275e-08,
                    0.9751262664794922,
                    -0.22165066003799438,
                    -0.44330111145973206
                ],
                [
                    0,
                    0,
                    0,
                    1
                ]
            ]
        },
        {
            "file_path": "030.png",
            "camera_angle_x": 0.6981317007977318,
            "transform_matrix": [
                [
                    -0.99610435962677,
                    -0.01719421148300171,
                    -0.08649017661809921,
                    -0.17298035323619843
                ],
                [
                    -0.0881827175617218,
                    0.19422434270381927,
                    0.9769855737686157,
                    1.953971028327942
                ],
                [
                    2.6470470260164802e-09,
                    0.9808064699172974,
                    -0.19498398900032043,
                    -0.38996776938438416
                ],
                [
                    0,
                    0,
                    0,
                    1
                ]
            ]
        },
        {
            "file_path": "031.png",
            "camera_angle_x": 0.6981317007977318,
            "transform_matrix": [
                [
                    0.9961043000221252,
                    0.014842662028968334,
                    0.08692461252212524,
                    0.1738492101430893
                ],
                [
                    0.0881827250123024,
                    -0.16766153275966644,
                    -0.9818928837776184,
                    -1.9637855291366577
                ],
                [
                    3.659845981829335e-09,
                    0.9857329726219177,
                    -0.16831724345684052,
                    -0.33663442730903625
                ],
                [
                    0,
                    0,
                    0,
                    1
                ]
            ]
        },
        {
            "file_path": "032.png",
            "camera_angle_x": 0.6981317007977318,
            "transform_matrix": [
                [
                    0.9276143312454224,
                    0.052912093698978424,
                    0.36977291107177734,
                    0.7395458221435547
                ],
                [
                    0.37353941798210144,
                    -0.13139723241329193,
                    -0.9182609915733337,
                    -1.836521863937378
                ],
                [
                    4.0161465264532126e-09,
                    0.9899168014526367,
                    -0.1416507065296173,
                    -0.28330111503601074
                ],
                [
                    0,
                    0,
                    0,
                    1
                ]
            ]
        },
        {
            "file_path": "033.png",
            "camera_angle_x": 0.6981317007977318,
            "transform_matrix": [
                [
                    -0.9276143908500671,
                    -0.04295102879405022,
                    -0.37106189131736755,
                    -0.7421237230300903
                ],
                [
                    -0.37353944778442383,
                    0.10666065663099289,
                    0.921461820602417,
                    1.8429235219955444
                ],
                [
                    -8.166296083800262e-09,
                    0.9933674335479736,
                    -0.1149839460849762,
                    -0.22996777296066284
                ],
                [
                    0,
                    0,
                    0,
                    1
                ]
            ]
        },
        {
            "file_path": "034.png",
            "camera_angle_x": 0.6981317007977318,
            "transform_matrix": [
                [
                    -0.3735395073890686,
                    0.08192427456378937,
                    0.9239897131919861,
                    1.8479790687561035
                ],
                [
                    0.9276144504547119,
                    0.03298982232809067,
                    0.3720797598361969,
                    0.7441595792770386
                ],
                [
                    6.930392260073859e-09,
                    0.9960924983024597,
                    -0.08831728249788284,
                    -0.17663443088531494
                ],
                [
                    0,
                    0,
                    0,
                    1
                ]
            ]
        },
        {
            "file_path": "035.png",
            "camera_angle_x": 0.6981317007977318,
            "transform_matrix": [
                [
                    0.3735393285751343,
                    -0.05718795955181122,
                    -0.9258499145507812,
                    -1.8516995906829834
                ],
                [
                    -0.9276143908500671,
                    -0.023029116913676262,
                    -0.372828871011734,
                    -0.745657742023468
                ],
                [
                    -8.799573691931073e-08,
                    0.9980978965759277,
                    -0.06165071949362755,
                    -0.12330110371112823
                ],
                [
                    0,
                    0,
                    0,
                    1
                ]
            ]
        },
        {
            "file_path": "036.png",
            "camera_angle_x": 0.6981317007977318,
            "transform_matrix": [
                [
                    0.39179009199142456,
                    0.03218712657690048,
                    0.9194914102554321,
                    1.8389828205108643
                ],
                [
                    0.9200546145439148,
                    -0.0137062668800354,
                    -0.3915502429008484,
                    -0.7831005454063416
                ],
                [
                    -5.3534993327275515e-08,
                    0.9993878602981567,
                    -0.03498387336730957,
                    -0.06996776908636093
                ],
                [
                    0,
                    0,
                    0,
                    1
                ]
            ]
        },
        {
            "file_path": "037.png",
            "camera_angle_x": 0.6981317007977318,
            "transform_matrix": [
                [
                    -0.3917900323867798,
                    -0.007652325555682182,
                    -0.9200227856636047,
                    -1.8400455713272095
                ],
                [
                    -0.9200546145439148,
                    0.0032585901208221912,
                    0.39177650213241577,
                    0.7835531234741211
                ],
                [
                    -4.318895463484296e-08,
                    0.9999653697013855,
                    -0.008317211642861366,
                    -0.016634436324238777
                ],
                [
                    0,
                    0,
                    0,
                    1
                ]
            ]
        },
        {
            "file_path": "038.png",
            "camera_angle_x": 0.6981317007977318,
            "transform_matrix": [
                [
                    -0.92005455493927,
                    -0.0023964233696460724,
                    0.39178282022476196,
                    0.7835655808448792
                ],
                [
                    0.39179015159606934,
                    -0.005627562291920185,
                    0.9200373888015747,
                    1.8400747776031494
                ],
                [
                    -7.574122662390437e-09,
                    0.9999812841415405,
                    0.0061166053637862206,
                    0.012232965789735317
                ],
                [
                    0,
                    0,
                    0,
                    1
                ]
            ]
        },
        {
            "file_path": "039.png",
            "camera_angle_x": 0.6981317007977318,
            "transform_matrix": [
                [
                    0.9200546145439148,
                    0.005878948140889406,
                    -0.39174601435661316,
                    -0.7834919691085815
                ],
                [
                    -0.39179012179374695,
                    0.013805676251649857,
                    -0.9199510812759399,
                    -1.8399020433425903
                ],
                [
                    -1.797440418727092e-08,
                    0.9998874068260193,
                    0.015005288645625114,
                    0.03001074306666851
                ],
                [
                    0,
                    0,
                    0,
                    1
                ]
            ]
        },
        {
            "file_path": "040.png",
            "camera_angle_x": 0.6981317007977318,
            "transform_matrix": [
                [
                    0.7140564918518066,
                    -0.0167281124740839,
                    0.6998882293701172,
                    1.3997763395309448
                ],
                [
                    0.7000880837440491,
                    0.017061786726117134,
                    -0.7138526439666748,
                    -1.4277052879333496
                ],
                [
                    3.903039313968293e-08,
                    0.9997145533561707,
                    0.02389422059059143,
                    0.04778851941227913
                ],
                [
                    0,
                    0,
                    0,
                    1
                ]
            ]
        },
        {
            "file_path": "041.png",
            "camera_angle_x": 0.6981317007977318,
            "transform_matrix": [
                [
                    -0.7140565514564514,
                    0.022951075807213783,
                    -0.699711799621582,
                    -1.3994234800338745
                ],
                [
                    -0.7000880837440491,
                    -0.02340902015566826,
                    0.7136726975440979,
                    1.4273453950881958
                ],
                [
                    6.7689853722185944e-09,
                    0.9994624853134155,
                    0.03278309106826782,
                    0.0655663013458252
                ],
                [
                    0,
                    0,
                    0,
                    1
                ]
            ]
        },
        {
            "file_path": "042.png",
            "camera_angle_x": 0.6981317007977318,
            "transform_matrix": [
                [
                    -0.7000880837440491,
                    -0.02975618839263916,
                    0.7134362459182739,
                    1.4268724918365479
                ],
                [
                    0.7140564918518066,
                    -0.029174109920859337,
                    0.6994799375534058,
                    1.3989598751068115
                ],
                [
                    9.973803116736235e-09,
                    0.9991313219070435,
                    0.04167205095291138,
                    0.08334407955408096
                ],
                [
                    0,
                    0,
                    0,
                    1
                ]
            ]
        },
        {
            "file_path": "043.png",
            "camera_angle_x": 0.6981317007977318,
            "transform_matrix": [
                [
                    0.7000880241394043,
                    0.03610340878367424,
                    -0.7131433486938477,
                    -1.4262864589691162
                ],
                [
                    -0.7140566110610962,
                    0.035397037863731384,
                    -0.6991927623748779,
                    -1.3983852863311768
                ],
                [
                    3.934609082989482e-08,
                    0.9987211227416992,
                    0.05056086555123329,
                    0.10112185776233673
                ],
                [
                    0,
                    0,
                    0,
                    1
                ]
            ]
        },
        {
            "file_path": "044.png",
            "camera_angle_x": 0.6981317007977318,
            "transform_matrix": [
                [
                    0.009877027943730354,
                    -0.059446945786476135,
                    0.9981826543807983,
                    1.9963651895523071
                ],
                [
                    0.9999513030052185,
                    0.0005871776374988258,
                    -0.009859630838036537,
                    -0.019719460979104042
                ],
                [
                    -6.171647726205265e-08,
                    0.9982313513755798,
                    0.05944976955652237,
                    0.1188996359705925
                ],
                [
                    0,
                    0,
                    0,
                    1
                ]
