{
    "aabb": [
        [
            -0.5,
            -0.5,
            -0.5
        ],
        [
            0.5,
            0.5,
            0.5
        ]
    ],
    "scale": 0.0003713294164244549,
    "offset": [
        -0.0,
        0.07132609188556671,
        -0.03257175534963608
    ],
    "frames": [
        {
            "file_path": "000.png",
            "camera_angle_x": 0.6966741388540648,
            "transform_matrix": [
                [
                    -0.8255598545074463,
                    0.48684677481651306,
                    0.28536126017570496,
                    0.7240100502967834
                ],
                [
                    0.5643144845962524,
                    0.7122290730476379,
                    0.41746726632118225,
                    1.0591853857040405
                ],
                [
                    1.3632647011263543e-08,
                    0.5056777596473694,
                    -0.8627223968505859,
                    -2.188873291015625
                ],
                [
                    0,
                    0,
                    0,
                    1
                ]
            ]
        },
        {
            "file_path": "001.png",
            "camera_angle_x": 1.074169061324087,
            "transform_matrix": [
                [
                    0.8255599141120911,
                    -0.3927943706512451,
                    -0.40517091751098633,
                    -0.6858200430870056
                ],
                [
                    -0.5643145442008972,
                    -0.5746357440948486,
                    -0.5927419662475586,
                    -1.0033155679702759
                ],
                [
                    2.4199920289902366e-08,
                    0.7179878354072571,
                    -0.6960558295249939,
                    -1.1781916618347168
                ],
                [
                    0,
                    0,
                    0,
                    1
                ]
            ]
        },
        {
            "file_path": "002.png",
            "camera_angle_x": 0.854420803597071,
            "transform_matrix": [
                [
                    -0.5643145442008972,
                    -0.4370424747467041,
                    -0.700387716293335,
                    -1.4639259576797485
                ],
                [
                    -0.8255598545074463,
                    0.29874205589294434,
                    0.47875264286994934,
                    1.0006719827651978
                ],
                [
                    1.5669169073362355e-08,
                    0.8483790755271912,
                    -0.5293891429901123,
                    -1.1065105199813843
                ],
                [
                    0,
                    0,
                    0,
                    1
                ]
            ]
        },
        {
            "file_path": "003.png",
            "camera_angle_x": 0.5032954979348434,
            "transform_matrix": [
                [
                    0.5643144845962524,
                    0.2994491457939148,
                    0.769336998462677,
                    2.675762891769409
                ],
                [
                    0.8255599141120911,
                    -0.20468972623348236,
                    -0.5258830785751343,
                    -1.829027533531189
                ],
                [
                    9.016088853286419e-08,
                    0.9318972229957581,
                    -0.36272260546684265,
                    -1.2615528106689453
                ],
                [
                    0,
                    0,
                    0,
                    1
                ]
            ]
        },
        {
            "file_path": "004.png",
            "camera_angle_x": 0.3995816867162598,
            "transform_matrix": [
                [
                    -0.9827897548675537,
                    -0.036217063665390015,
                    -0.18114332854747772,
                    -0.7904428839683533
                ],
                [
                    -0.18472839891910553,
                    0.19268152117729187,
                    0.963716447353363,
                    4.20530366897583
                ],
                [
                    1.0424831664579415e-08,
                    0.9805928468704224,
                    -0.19605588912963867,
                    -0.8555152416229248
                ],
                [
                    0,
                    0,
                    0,
                    1
                ]
            ]
        },
        {
            "file_path": "005.png",
            "camera_angle_x": 0.5370768490780528,
            "transform_matrix": [
                [
                    0.9827896356582642,
                    0.005428994074463844,
                    0.18464863300323486,
                    0.6027018427848816
                ],
                [
                    0.18472841382026672,
                    -0.028883296996355057,
                    -0.9823651909828186,
                    -3.206486463546753
                ],
                [
                    -1.3549183996985903e-08,
                    0.9995681643486023,
                    -0.029389096423983574,
                    -0.09592738002538681
                ],
                [
                    0,
                    0,
                    0,
                    1
                ]
            ]
        },
        {
            "file_path": "006.png",
            "camera_angle_x": 0.9036433727402954,
            "transform_matrix": [
                [
                    0.18472829461097717,
                    0.04497167468070984,
                    -0.9817601442337036,
                    -1.9473642110824585
                ],
                [
                    -0.9827896356582642,
                    0.008452952839434147,
                    -0.18453481793403625,
                    -0.36603304743766785
                ],
                [
                    -4.7913140122091136e-08,
                    0.9989525079727173,
                    0.0457591786980629,
                    0.09076536446809769
                ],
                [
                    0,
                    0,
                    0,
                    1
                ]
            ]
        },
        {
            "file_path": "007.png",
            "camera_angle_x": 0.5633761495396571,
            "transform_matrix": [
                [
                    -0.18472839891910553,
                    -0.09957114607095718,
                    0.9777325987815857,
                    3.0460774898529053
                ],
                [
                    0.9827896356582642,
                    -0.018715718761086464,
                    0.1837778389453888,
                    0.5725508332252502
                ],
                [
                    -2.681852251384953e-08,
                    0.9948544502258301,
                    0.10131478309631348,
                    0.3156410753726959
                ],
                [
                    0,
                    0,
                    0,
                    1
                ]
            ]
        },
        {
            "file_path": "008.png",
            "camera_angle_x": 0.7352332427823172,
            "transform_matrix": [
                [
                    -0.9786718487739563,
                    -0.032225966453552246,
                    0.2028871476650238,
                    0.48889583349227905
                ],
                [
                    0.2054305374622345,
                    -0.1535247415304184,
                    0.9665549993515015,
                    2.329101324081421
                ],
                [
                    1.3074330063034267e-08,
                    0.9876192808151245,
                    0.15687038004398346,
                    0.3780093789100647
                ],
                [
                    0,
                    0,
                    0,
                    1
                ]
            ]
        },
        {
            "file_path": "009.png",
            "camera_angle_x": 0.7725847675350105,
            "transform_matrix": [
                [
                    0.9786717295646667,
                    0.043638747185468674,
                    -0.20074203610420227,
                    -0.4614323377609253
                ],
                [
                    -0.2054305374622345,
                    0.20789501070976257,
                    -0.956335723400116,
                    -2.198265314102173
                ],
                [
                    -1.3194510373182311e-08,
                    0.9771772623062134,
                    0.21242569386959076,
                    0.4882892370223999
                ],
                [
                    0,
                    0,
                    0,
                    1
                ]
            ]
        },
        {
            "file_path": "010.png",
            "camera_angle_x": 0.9041708136744203,
            "transform_matrix": [
                [
                    -0.20543038845062256,
                    0.26226580142974854,
                    -0.942875862121582,
                    -1.8692198991775513
                ],
                [
                    -0.978671669960022,
                    -0.055051494389772415,
                    0.19791662693023682,
                    0.3923632502555847
                ],
                [
                    3.852587582287015e-09,
                    0.963424026966095,
                    0.2679814100265503,
                    0.5312641859054565
                ],
                [
                    0,
                    0,
                    0,
                    1
                ]
            ]
        },
        {
            "file_path": "011.png",
            "camera_angle_x": 0.8057331267063511,
            "transform_matrix": [
                [
                    0.20543037354946136,
                    -0.3166365325450897,
                    0.9260344505310059,
                    2.0455424785614014
                ],
                [
                    0.9786717891693115,
                    0.06646423041820526,
                    -0.1943815052509308,
                    -0.42937466502189636
                ],
                [
                    1.9986412524986008e-08,
                    0.9462156295776367,
                    0.3235369026660919,
                    0.7146695852279663
                ],
                [
                    0,
                    0,
                    0,
                    1
                ]
            ]
        },
        {
            "file_path": "012.png",
            "camera_angle_x": 0.36720434683232045,
            "transform_matrix": [
                [
                    -0.8372867107391357,
                    0.2072741538286209,
                    -0.5059530138969421,
                    -2.3999693393707275
                ],
                [
                    -0.5467641353607178,
                    -0.3174090087413788,
                    0.7747906446456909,
                    3.6751909255981445
                ],
                [
                    4.180537871434353e-08,
                    0.9253588318824768,
                    0.37909236550331116,
                    1.7982115745544434
                ],
                [
                    0,
                    0,
                    0,
                    1
                ]
            ]
        },
        {
            "file_path": "013.png",
            "camera_angle_x": 1.1908131581345125,
            "transform_matrix": [
                [
                    0.8372867107391357,
                    -0.23764996230602264,
                    0.4924159646034241,
                    0.7603605389595032
                ],
                [
                    0.546764075756073,
                    0.3639250099658966,
                    -0.7540607452392578,
                    -1.1643774509429932
                ],
                [
                    1.5893466098759745e-08,
                    0.9006004333496094,
                    0.4346480369567871,
                    0.6711586713790894
                ],
                [
                    0,
                    0,
                    0,
                    1
                ]
            ]
        },
        {
            "file_path": "014.png",
            "camera_angle_x": 1.0355285111821182,
            "transform_matrix": [
                [
                    0.546764075756073,
                    0.4104410409927368,
                    -0.7297857403755188,
                    -1.2769521474838257
                ],
                [
                    -0.8372867107391357,
                    0.26802578568458557,
                    -0.4765639007091522,
                    -0.8338739275932312
                ],
                [
                    2.4785975938357296e-08,
                    0.8716078996658325,
                    0.49020370841026306,
                    0.8577402234077454
                ],
                [
                    0,
                    0,
                    0,
                    1
                ]
            ]
        },
        {
            "file_path": "015.png",
            "camera_angle_x": 0.5294387184427745,
            "transform_matrix": [
                [
                    -0.5467640161514282,
                    -0.45695701241493225,
                    0.7015978097915649,
                    2.3222947120666504
                ],
                [
                    0.8372867703437805,
                    -0.29840150475502014,
                    0.458156555891037,
                    1.5165023803710938
                ],
                [
                    -1.7246943428972372e-08,
                    0.8379420638084412,
                    0.5457592606544495,
                    1.8064676523208618
                ],
                [
                    0,
                    0,
                    0,
                    1
                ]
            ]
        },
        {
            "file_path": "016.png",
            "camera_angle_x": 0.8482714967357782,
            "transform_matrix": [
                [
                    -0.9197893738746643,
                    -0.23596350848674774,
                    0.31354251503944397,
                    0.6598148345947266
                ],
                [
                    0.39241263270378113,
                    -0.5530828833580017,
                    0.7349229454994202,
                    1.5465625524520874
                ],
                [
                    -2.146563815585978e-08,
                    0.799012303352356,
                    0.6013147234916687,
                    1.2653992176055908
                ],
                [
                    0,
                    0,
                    0,
                    1
                ]
            ]
        },
        {
            "file_path": "017.png",
            "camera_angle_x": 0.45163274705480866,
            "transform_matrix": [
                [
                    0.9197893142700195,
                    0.2577642500400543,
                    -0.2958804965019226,
                    -1.1444289684295654
                ],
                [
                    -0.39241263270378113,
                    0.604182243347168,
                    -0.6935244202613831,
                    -2.6824662685394287
                ],
                [
                    -4.1315814769404824e-08,
                    0.7540035843849182,
                    0.6568703055381775,
                    2.5406925678253174
                ],
                [
                    0,
                    0,
                    0,
                    1
                ]
            ]
        },
        {
            "file_path": "018.png",
            "camera_angle_x": 0.4577767165587424,
            "transform_matrix": [
                [
                    -0.39241257309913635,
                    0.6552815437316895,
                    -0.6454597115516663,
                    -2.4636263847351074
                ],
                [
                    -0.91978919506073,
                    -0.27956482768058777,
                    0.27537453174591064,
                    1.0510646104812622
                ],
                [
                    -3.507030754690277e-08,
                    0.7017473578453064,
                    0.7124258279800415,
                    2.719226360321045
                ],
                [
                    0,
                    0,
                    0,
                    1
                ]
            ]
        },
        {
            "file_path": "019.png",
            "camera_angle_x": 1.1782020944262683,
            "transform_matrix": [
                [
                    0.39241260290145874,
                    -0.70638108253479,
                    0.5890994071960449,
                    0.9182187914848328
                ],
                [
                    0.9197893142700195,
                    0.30136558413505554,
                    -0.25132936239242554,
                    -0.3917425870895386
                ],
                [
                    1.517378933613145e-08,
                    0.6404721736907959,
                    0.7679814100265503,
                    1.197039008140564
                ],
                [
                    0,
                    0,
                    0,
                    1
                ]
            ]
        },
        {
            "file_path": "020.png",
            "camera_angle_x": 1.151911661041773,
            "transform_matrix": [
                [
                    -0.9278668761253357,
                    0.30710649490356445,
                    -0.21153885126113892,
                    -0.3363673686981201
                ],
                [
                    -0.37291163206100464,
                    -0.7641326785087585,
                    0.5263442397117615,
                    0.8369385600090027
                ],
                [
                    -6.287475429189726e-09,
                    0.5672626495361328,
                    0.8235369324684143,
                    1.3095040321350098
                ],
                [
                    0,
                    0,
                    0,
                    1
                ]
            ]
        },
        {
            "file_path": "021.png",
            "camera_angle_x": 1.216485745322806,
            "transform_matrix": [
                [
                    0.9278668165206909,
                    -0.3278239369392395,
                    0.17774881422519684,
                    0.26938721537590027
                ],
                [
                    0.3729117512702942,
                    0.815680742263794,
                    -0.4422689378261566,
                    -0.6702806353569031
                ],
                [
                    3.237079937434828e-08,
                    0.47665131092071533,
                    0.8790924549102783,
                    1.3323090076446533
                ],
                [
                    0,
                    0,
                    0,
                    1
                ]
            ]
        },
        {
            "file_path": "022.png",
            "camera_angle_x": 1.1245335320956662,
            "transform_matrix": [
                [
                    0.3729116916656494,
                    0.8672289848327637,
                    -0.32992544770240784,
                    -0.5359612703323364
                ],
                [
                    -0.9278668165206909,
                    0.3485412001609802,
                    -0.13259772956371307,
                    -0.2154039591550827
                ],
                [
                    2.066101956188504e-08,
                    0.3555741310119629,
                    0.9346480965614319,
                    1.518328309059143
                ],
                [
                    0,
                    0,
                    0,
                    1
                ]
            ]
        },
        {
            "file_path": "023.png",
            "camera_angle_x": 0.9047989277835414,
            "transform_matrix": [
                [
                    -0.3729117214679718,
                    -0.9187772274017334,
                    0.12955868244171143,
                    0.2566799521446228
                ],
                [
                    0.9278668761253357,
                    -0.3692585527896881,
                    0.0520700141787529,
                    0.10316020995378494
                ],
                [
                    -9.55685806047768e-08,
                    0.13963072001934052,
                    0.9902036190032959,
                    1.9617769718170166
                ],
                [
                    0,
                    0,
                    0,
                    1
                ]
            ]
        }
    ]
}