{
    "aabb": [
        [
            -0.5,
            -0.5,
            -0.5
        ],
        [
            0.5,
            0.5,
            0.5
        ]
    ],
    "scale": 0.0024999996185303317,
    "offset": [
        0.027000010013580322,
        -0.027000010013580322,
        -0.11000002175569534
    ],
    "frames": [
        {
            "file_path": "000.png",
            "camera_angle_x": 0.8438129365737618,
            "transform_matrix": [
                [
                    -0.9939125180244446,
                    0.09557794034481049,
                    0.05479869991540909,
                    0.11589013040065765
                ],
                [
                    0.11017277091741562,
                    0.8622466325759888,
                    0.49436089396476746,
                    1.045491099357605
                ],
                [
                    -3.526759106975419e-09,
                    0.4973887503147125,
                    -0.8675277829170227,
                    -1.8346768617630005
                ],
                [
                    0,
                    0,
                    0,
                    1
                ]
            ]
        },
        {
            "file_path": "001.png",
            "camera_angle_x": 0.5555609965047444,
            "transform_matrix": [
                [
                    0.9939124584197998,
                    -0.07721579819917679,
                    -0.07858598977327347,
                    -0.24818390607833862
                ],
                [
                    -0.11017276346683502,
                    -0.6965944170951843,
                    -0.7089555859565735,
                    -2.2389659881591797
                ],
                [
                    6.093331172962735e-09,
                    0.7132977843284607,
                    -0.7008609771728516,
                    -2.21340274810791
                ],
                [
                    0,
                    0,
                    0,
                    1
                ]
            ]
        },
        {
            "file_path": "002.png",
            "camera_angle_x": 0.5655838319618816,
            "transform_matrix": [
                [
                    -0.11017279326915741,
                    -0.530942440032959,
                    -0.8402155041694641,
                    -2.6077044010162354
                ],
                [
                    -0.9939124584197998,
                    0.058853719383478165,
                    0.09313584864139557,
                    0.2890576422214508
                ],
                [
                    2.5747677767640198e-08,
                    0.8453616499900818,
                    -0.5341943502426147,
                    -1.6579331159591675
                ],
                [
                    0,
                    0,
                    0,
                    1
                ]
            ]
        },
        {
            "file_path": "003.png",
            "camera_angle_x": 0.9835923089448367,
            "transform_matrix": [
                [
                    0.11017276346683502,
                    0.3652903735637665,
                    0.9243510961532593,
                    1.6952449083328247
                ],
                [
                    0.9939124584197998,
                    -0.040491554886102676,
                    -0.10246206074953079,
                    -0.18791374564170837
                ],
                [
                    3.7396006291601225e-09,
                    0.930012583732605,
                    -0.36752772331237793,
                    -0.6740399599075317
                ],
                [
                    0,
                    0,
                    0,
                    1
                ]
            ]
        },
        {
            "file_path": "004.png",
            "camera_angle_x": 1.02316442471996,
            "transform_matrix": [
                [
                    -0.7807062864303589,
                    -0.12551778554916382,
                    -0.6121629476547241,
                    -1.0829136371612549
                ],
                [
                    -0.6248985528945923,
                    0.15681324899196625,
                    0.764795184135437,
                    1.3529198169708252
                ],
                [
                    -5.000704561552993e-08,
                    0.9796199202537537,
                    -0.20086118578910828,
                    -0.3553224802017212
                ],
                [
                    0,
                    0,
                    0,
                    1
                ]
            ]
        },
        {
            "file_path": "005.png",
            "camera_angle_x": 1.2034170720839548,
            "transform_matrix": [
                [
                    0.7807061672210693,
                    0.02136800065636635,
                    0.6245328783988953,
                    0.9554980397224426
                ],
                [
                    0.6248983144760132,
                    -0.026695717126131058,
                    -0.7802495956420898,
                    -1.1937352418899536
                ],
                [
                    -1.7267993257519265e-08,
                    0.9994152188301086,
                    -0.03419433906674385,
                    -0.05231539532542229
                ],
                [
                    0,
                    0,
                    0,
                    1
                ]
            ]
        },
        {
            "file_path": "006.png",
            "camera_angle_x": 1.14906062940664,
            "transform_matrix": [
                [
                    0.624898374080658,
                    0.034474022686481476,
                    -0.7799445986747742,
                    -1.2429176568984985
                ],
                [
                    -0.7807061076164246,
                    0.02759396657347679,
                    -0.62428879737854,
                    -0.9948648810386658
                ],
                [
                    2.094793671858497e-09,
                    0.9990245699882507,
                    0.04415751248598099,
                    0.07036914676427841
                ],
                [
                    0,
                    0,
                    0,
                    1
                ]
            ]
        },
        {
            "file_path": "007.png",
            "camera_angle_x": 0.8084481792893737,
            "transform_matrix": [
                [
                    -0.6248982548713684,
                    -0.07784651219844818,
                    0.7768154144287109,
                    1.7104815244674683
                ],
                [
                    0.7807062268257141,
                    -0.062310487031936646,
                    0.6217839121818542,
                    1.3691157102584839
                ],
                [
                    1.461983600847816e-08,
                    0.9950162768363953,
                    0.09971292316913605,
                    0.21955953538417816
                ],
                [
                    0,
                    0,
                    0,
                    1
                ]
            ]
        },
        {
            "file_path": "008.png",
            "camera_angle_x": 0.9817340437769478,
            "transform_matrix": [
                [
                    -0.9604166746139526,
                    0.043252766132354736,
                    -0.2751891314983368,
                    -0.5055694580078125
                ],
                [
                    -0.27856749296188354,
                    -0.149122416973114,
                    0.9487690329551697,
                    1.7430510520935059
                ],
                [
                    2.1198099275920868e-08,
                    0.987872302532196,
                    0.15526844561100006,
                    0.2852548658847809
                ],
                [
                    0,
                    0,
                    0,
                    1
                ]
            ]
        },
        {
            "file_path": "009.png",
            "camera_angle_x": 0.5130077820430603,
            "transform_matrix": [
                [
                    0.9604166746139526,
                    -0.05872873216867447,
                    0.2723064422607422,
                    0.9295384287834167
                ],
                [
                    0.27856752276420593,
                    0.20247882604599,
                    -0.9388304352760315,
                    -3.204768180847168
                ],
                [
                    1.8408687907367494e-08,
                    0.9775241017341614,
                    0.21082395315170288,
                    0.7196639180183411
                ],
                [
                    0,
                    0,
                    0,
                    1
                ]
            ]
        },
        {
            "file_path": "010.png",
            "camera_angle_x": 0.8838675428098223,
            "transform_matrix": [
                [
                    0.2785673439502716,
                    0.25583547353744507,
                    -0.9257152080535889,
                    -1.8744792938232422
                ],
                [
                    -0.960416853427887,
                    0.07420448213815689,
                    -0.2685023844242096,
                    -0.543690025806427
                ],
                [
                    -5.241831857460966e-08,
                    0.9638683795928955,
                    0.2663794755935669,
                    0.539391815662384
                ],
                [
                    0,
                    0,
                    0,
                    1
                ]
            ]
        },
        {
            "file_path": "011.png",
            "camera_angle_x": 1.1293258097238654,
            "transform_matrix": [
                [
                    -0.27856746315956116,
                    -0.3091919720172882,
                    0.9092857241630554,
                    1.4715358018875122
                ],
                [
                    0.9604166746139526,
                    -0.08968066424131393,
                    0.2637369930744171,
                    0.42681682109832764
                ],
                [
                    -2.2064138960331547e-08,
                    0.9467616677284241,
                    0.32193523645401,
                    0.5210014581680298
                ],
                [
                    0,
                    0,
                    0,
                    1
                ]
            ]
        },
        {
            "file_path": "012.png",
            "camera_angle_x": 1.0881549449164898,
            "transform_matrix": [
                [
                    -0.48214009404182434,
                    0.33071744441986084,
                    -0.8112748265266418,
                    -1.3573130369186401
                ],
                [
                    -0.8760941028594971,
                    -0.18200340867042542,
                    0.44646820425987244,
                    0.7469690442085266
                ],
                [
                    1.799895699150511e-08,
                    0.9260133504867554,
                    0.3774907886981964,
                    0.6315654516220093
                ],
                [
                    0,
                    0,
                    0,
                    1
                ]
            ]
        },
        {
            "file_path": "013.png",
            "camera_angle_x": 0.7984785205441077,
            "transform_matrix": [
                [
                    0.4821400046348572,
                    -0.37938937544822693,
                    0.7896866202354431,
                    1.759345531463623
                ],
                [
                    0.8760943412780762,
                    0.20878873765468597,
                    -0.4345875680446625,
                    -0.9682192802429199
                ],
                [
                    6.743570679645927e-08,
                    0.9013718962669373,
                    0.4330461323261261,
                    0.964785635471344
                ],
                [
                    0,
                    0,
                    0,
                    1
                ]
            ]
        },
        {
            "file_path": "014.png",
            "camera_angle_x": 1.0872984903323721,
            "transform_matrix": [
                [
                    0.8760941028594971,
                    0.2355746030807495,
                    -0.42067062854766846,
                    -0.7043066024780273
                ],
                [
                    -0.4821402132511139,
                    0.42806121706962585,
                    -0.7643980979919434,
                    -1.2797913551330566
                ],
                [
                    1.7409185204542155e-08,
                    0.872506856918335,
                    0.4886018633842468,
                    0.8180403113365173
                ],
                [
                    0,
                    0,
                    0,
                    1
                ]
            ]
        },
        {
            "file_path": "015.png",
            "camera_angle_x": 1.2075376910959774,
            "transform_matrix": [
                [
                    -0.8760941028594971,
                    -0.262360155582428,
                    0.40450745820999146,
                    0.6170222163200378
                ],
                [
                    0.4821401536464691,
                    -0.47673311829566956,
                    0.7350281476974487,
                    1.121187448501587
                ],
                [
                    1.7713368549721054e-08,
                    0.8389831185340881,
                    0.5441574454307556,
                    0.8300395607948303
                ],
                [
                    0,
                    0,
                    0,
                    1
                ]
            ]
        },
        {
            "file_path": "016.png",
            "camera_angle_x": 0.8643239393230612,
            "transform_matrix": [
                [
                    -0.9963087439537048,
                    0.05148350074887276,
                    -0.06869599223136902,
                    -0.14204272627830505
                ],
                [
                    -0.0858469009399414,
                    -0.5974993109703064,
                    0.7972612977027893,
                    1.6484973430633545
                ],
                [
                    4.71114880440382e-09,
                    0.8002153635025024,
                    0.5997128486633301,
                    1.2400269508361816
                ],
                [
                    0,
                    0,
                    0,
                    1
                ]
            ]
        },
        {
            "file_path": "017.png",
            "camera_angle_x": 0.60291920429443,
            "transform_matrix": [
                [
                    0.9963083267211914,
                    -0.056252770125865936,
                    0.0648484081029892,
                    0.18914668262004852
                ],
                [
                    0.0858469009399414,
                    0.6528493762016296,
                    -0.752607524394989,
                    -2.195168972015381
                ],
                [
                    2.467166915209873e-09,
                    0.7553961873054504,
                    0.6552684307098389,
                    1.9112558364868164
                ],
                [
                    0,
                    0,
                    0,
                    1
                ]
            ]
        },
        {
            "file_path": "018.png",
            "camera_angle_x": 0.8451596864664692,
            "transform_matrix": [
                [
                    0.08584680408239365,
                    0.7081999778747559,
                    -0.7007733583450317,
                    -1.4797991514205933
                ],
                [
                    -0.996308445930481,
                    0.061021920293569565,
                    -0.060382142663002014,
                    -0.12750685214996338
                ],
                [
                    -4.148101595546905e-08,
                    0.7033699154853821,
                    0.7108240127563477,
                    1.5010231733322144
                ],
                [
                    0,
                    0,
                    0,
                    1
                ]
            ]
        },
        {
            "file_path": "019.png",
            "camera_angle_x": 0.17659854190623592,
            "transform_matrix": [
                [
                    -0.08584710210561752,
                    -0.7635505199432373,
                    0.640016496181488,
                    6.285345077514648
                ],
                [
                    0.996308445930481,
                    -0.0657915398478508,
                    0.055147022008895874,
                    0.5415765643119812
                ],
                [
                    5.686996473741601e-08,
                    0.6423879861831665,
                    0.7663796544075012,
                    7.526307582855225
                ],
                [
                    0,
                    0,
                    0,
                    1
                ]
            ]
        },
        {
            "file_path": "020.png",
            "camera_angle_x": 0.35448797085284056,
            "transform_matrix": [
                [
                    -0.6437936425209045,
                    0.6289442181587219,
                    -0.435842901468277,
                    -2.1407477855682373
                ],
                [
                    -0.7651992440223694,
                    -0.5291566848754883,
                    0.36669251322746277,
                    1.8010987043380737
                ],
                [
                    -4.382552987181043e-08,
                    0.5695809125900269,
                    0.82193523645401,
                    4.037132740020752
                ],
                [
                    0,
                    0,
                    0,
                    1
                ]
            ]
        },
        {
            "file_path": "021.png",
            "camera_angle_x": 0.49352771084675595,
            "transform_matrix": [
                [
                    0.6437934637069702,
                    -0.6714553236961365,
                    0.36698469519615173,
                    1.301108479499817
                ],
                [
                    0.7651993036270142,
                    0.5649228096008301,
                    -0.3087591826915741,
                    -1.0946757793426514
                ],
                [
                    -2.6835154542936834e-08,
                    0.4795936048030853,
                    0.877490758895874,
                    3.111058235168457
                ],
                [
                    0,
                    0,
                    0,
                    1
                ]
            ]
        },
        {
            "file_path": "022.png",
            "camera_angle_x": 0.39051961015790554,
            "transform_matrix": [
                [
                    0.7651992440223694,
                    0.6006892323493958,
                    -0.23160871863365173,
                    -1.0337985754013062
                ],
                [
                    -0.6437935829162598,
                    0.7139663696289062,
                    -0.27528515458106995,
                    -1.2287510633468628
                ],
                [
                    2.4843021861897796e-08,
                    0.3597561717033386,
                    0.9330463409423828,
                    4.164704322814941
                ],
                [
                    0,
                    0,
                    0,
                    1
                ]
            ]
        },
        {
            "file_path": "023.png",
            "camera_angle_x": 0.5986936790754251,
            "transform_matrix": [
                [
                    -0.7651993632316589,
                    -0.6364555954933167,
                    0.09692534804344177,
                    0.28464195132255554
                ],
                [
                    0.6437935829162598,
                    -0.7564774751663208,
                    0.115203358232975,
                    0.3383193910121918
                ],
                [
                    1.7721898615263854e-08,
                    0.15055343508720398,
                    0.9886018633842468,
                    2.9032399654388428
                ],
                [
                    0,
                    0,
                    0,
                    1
                ]
            ]
        }
    ]
}