{
    "aabb": [
        [
            -0.5,
            -0.5,
            -0.5
        ],
        [
            0.5,
            0.5,
            0.5
        ]
    ],
    "scale": 0.15465230016270867,
    "offset": [
        -0.024651452898979187,
        0.00022980570793151855,
        -0.44132834672927856
    ],
    "frames": [
        {
            "file_path": "000.png",
            "camera_angle_x": 0.26783424430738195,
            "transform_matrix": [
                [
                    -0.2379150390625,
                    0.8445544242858887,
                    0.4797132909297943,
                    3.1115376949310303
                ],
                [
                    0.9712862372398376,
                    0.2068718522787094,
                    0.11750490963459015,
                    0.7621651291847229
                ],
                [
                    5.848830753052425e-09,
                    0.4938949644565582,
                    -0.8695220351219177,
                    -5.639930725097656
                ],
                [
                    0,
                    0,
                    0,
                    1
                ]
            ]
        },
        {
            "file_path": "001.png",
            "camera_angle_x": 0.44282107857222686,
            "transform_matrix": [
                [
                    0.23791462182998657,
                    -0.6826733350753784,
                    -0.6909080147743225,
                    -2.7246251106262207
                ],
                [
                    -0.9712861180305481,
                    -0.1672196239233017,
                    -0.16923657059669495,
                    -0.6673916578292847
                ],
                [
                    -3.3833845947128793e-08,
                    0.711333155632019,
                    -0.7028551697731018,
                    -2.7717385292053223
                ],
                [
                    0,
                    0,
                    0,
                    1
                ]
            ]
        },
        {
            "file_path": "002.png",
            "camera_angle_x": 1.0082484560948115,
            "transform_matrix": [
                [
                    -0.9712861776351929,
                    -0.12756705284118652,
                    -0.20082338154315948,
                    -0.3600485622882843
                ],
                [
                    -0.23791465163230896,
                    0.5207921862602234,
                    0.8198610544204712,
                    1.4698975086212158
                ],
                [
                    -1.440492614079858e-09,
                    0.8440984487533569,
                    -0.5361883640289307,
                    -0.9613115191459656
                ],
                [
                    0,
                    0,
                    0,
                    1
                ]
            ]
        },
        {
            "file_path": "003.png",
            "camera_angle_x": 0.3003905047533304,
            "transform_matrix": [
                [
                    0.9712860584259033,
                    0.08791463822126389,
                    0.22107554972171783,
                    1.2795263528823853
                ],
                [
                    0.23791465163230896,
                    -0.3589114248752594,
                    -0.9025405645370483,
                    -5.223663806915283
                ],
                [
                    -1.710288799472437e-09,
                    0.9292221665382385,
                    -0.369521826505661,
                    -2.138692617416382
                ],
                [
                    0,
                    0,
                    0,
                    1
                ]
            ]
        },
        {
            "file_path": "004.png",
            "camera_angle_x": 0.9406680427675287,
            "transform_matrix": [
                [
                    -0.8550339937210083,
                    0.10519485920667648,
                    0.5077901482582092,
                    0.9703765511512756
                ],
                [
                    0.5185719132423401,
                    0.17344783246517181,
                    0.8372568488121033,
                    1.5999805927276611
                ],
                [
                    1.6948700221064428e-08,
                    0.979208767414093,
                    -0.20285487174987793,
                    -0.387651652097702
                ],
                [
                    0,
                    0,
                    0,
                    1
                ]
            ]
        },
        {
            "file_path": "005.png",
            "camera_angle_x": 0.9235497527268585,
            "transform_matrix": [
                [
                    0.8550339937210083,
                    -0.018766239285469055,
                    -0.5182322859764099,
                    -1.0073270797729492
                ],
                [
                    -0.5185719728469849,
                    -0.030942343175411224,
                    -0.8544740080833435,
                    -1.6609054803848267
                ],
                [
                    -3.284683458559812e-08,
                    0.999345064163208,
                    -0.036188408732414246,
                    -0.07034191489219666
                ],
                [
                    0,
                    0,
                    0,
                    1
                ]
            ]
        },
        {
            "file_path": "006.png",
            "camera_angle_x": 0.6176943482469021,
            "transform_matrix": [
                [
                    -0.5185719728469849,
                    0.03718782216310501,
                    -0.8542249798774719,
                    -2.4338042736053467
                ],
                [
                    -0.8550341129302979,
                    -0.02255420759320259,
                    0.5180812478065491,
                    1.4760844707489014
                ],
                [
                    -2.2275088440437685e-09,
                    0.9990537762641907,
                    0.04349273815751076,
                    0.12391693890094757
                ],
                [
                    0,
                    0,
                    0,
                    1
                ]
            ]
        },
        {
            "file_path": "007.png",
            "camera_angle_x": 0.8483686470479508,
            "transform_matrix": [
                [
                    0.5185718536376953,
                    -0.0846896693110466,
                    0.850829541683197,
                    1.7902822494506836
                ],
                [
                    0.8550340533256531,
                    0.05136364698410034,
                    -0.5160218477249146,
                    -1.085793137550354
                ],
                [
                    7.120377176761394e-09,
                    0.9950826168060303,
                    0.09904828667640686,
                    0.20841367542743683
                ],
                [
                    0,
                    0,
                    0,
                    1
                ]
            ]
        },
        {
            "file_path": "008.png",
            "camera_angle_x": 0.32820491651092826,
            "transform_matrix": [
                [
                    -0.5914996862411499,
                    -0.12465797364711761,
                    0.7966107130050659,
                    4.222918510437012
                ],
                [
                    0.8063053488731384,
                    -0.09144822508096695,
                    0.5843877792358398,
                    3.0979013442993164
                ],
                [
                    1.1493519025407295e-08,
                    0.9879765510559082,
                    0.15460391342639923,
                    0.8195717334747314
                ],
                [
                    0,
                    0,
                    0,
                    1
                ]
            ]
        },
        {
            "file_path": "009.png",
            "camera_angle_x": 0.9611082287678571,
            "transform_matrix": [
                [
                    0.5914995670318604,
                    0.16945268213748932,
                    -0.7882981896400452,
                    -1.4768109321594238
                ],
                [
                    -0.8063052892684937,
                    0.12430926412343979,
                    -0.5782896876335144,
                    -1.083377480506897
                ],
                [
                    2.844581104000099e-08,
                    0.9776670932769775,
                    0.21015948057174683,
                    0.3937162160873413
                ],
                [
                    0,
                    0,
                    0,
                    1
                ]
            ]
        },
        {
            "file_path": "010.png",
            "camera_angle_x": 0.9317811629434926,
            "transform_matrix": [
                [
                    -0.8063054084777832,
                    0.1571703404188156,
                    -0.5702361464500427,
                    -1.0993287563323975
                ],
                [
                    -0.5914996266365051,
                    -0.21424750983715057,
                    0.7773199677467346,
                    1.4985549449920654
                ],
                [
                    1.0230129632304852e-08,
                    0.9640516638755798,
                    0.26571500301361084,
                    0.5122582316398621
                ],
                [
                    0,
                    0,
                    0,
                    1
                ]
            ]
        },
        {
            "file_path": "011.png",
            "camera_angle_x": 1.202436305821433,
            "transform_matrix": [
                [
                    0.8063052892684937,
                    -0.19003139436244965,
                    0.5601426959037781,
                    0.8575974106788635
                ],
                [
                    0.5914995670318604,
                    0.25904208421707153,
                    -0.7635610699653625,
                    -1.1690378189086914
                ],
                [
                    -3.2649403181039816e-09,
                    0.946987509727478,
                    0.32127049565315247,
                    0.49187612533569336
                ],
                [
                    0,
                    0,
                    0,
                    1
                ]
            ]
        },
        {
            "file_path": "012.png",
            "camera_angle_x": 0.6812956571132412,
            "transform_matrix": [
                [
                    -0.9883973598480225,
                    -0.05723635107278824,
                    0.14069385826587677,
                    0.3646969795227051
                ],
                [
                    0.1518906205892563,
                    -0.37245383858680725,
                    0.9155367016792297,
                    2.3731915950775146
                ],
                [
                    -1.2503877044878209e-08,
                    0.9262840747833252,
                    0.3768259882926941,
                    0.9767829179763794
                ],
                [
                    0,
                    0,
                    0,
                    1
                ]
            ]
        },
        {
            "file_path": "013.png",
            "camera_angle_x": 0.5894616732816891,
            "transform_matrix": [
                [
                    0.9883973002433777,
                    0.06567470729351044,
                    -0.13695836067199707,
                    -0.4083188772201538
                ],
                [
                    -0.1518906056880951,
                    0.4273647964000702,
                    -0.8912287354469299,
                    -2.6570522785186768
                ],
                [
                    -1.7841266242157872e-09,
                    0.9016907811164856,
                    0.43238160014152527,
                    1.2890751361846924
                ],
                [
                    0,
                    0,
                    0,
                    1
                ]
            ]
        },
        {
            "file_path": "014.png",
            "camera_angle_x": 0.2836193336228853,
            "transform_matrix": [
                [
                    -0.15189069509506226,
                    0.4822758734226227,
                    -0.8627510070800781,
                    -5.286482810974121
                ],
                [
                    -0.9883973002433777,
                    -0.0741131529211998,
                    0.13258212804794312,
                    0.812393069267273
                ],
                [
                    -1.1371660946224438e-08,
                    0.8728787302970886,
                    0.48793724179267883,
                    2.9898221492767334
                ],
                [
                    0,
                    0,
                    0,
                    1
                ]
            ]
        },
        {
            "file_path": "015.png",
            "camera_angle_x": 1.0503264279261297,
            "transform_matrix": [
                [
                    0.15189050137996674,
                    -0.537186861038208,
                    0.8296744227409363,
                    1.4331564903259277
                ],
                [
                    0.9883974194526672,
                    0.08255135267972946,
                    -0.127499058842659,
                    -0.22023837268352509
                ],
                [
                    9.468163142400954e-09,
                    0.8394138813018799,
                    0.5434927344322205,
                    0.9388144016265869
                ],
                [
                    0,
                    0,
                    0,
                    1
                ]
            ]
        },
        {
            "file_path": "016.png",
            "camera_angle_x": 0.7909920805667222,
            "transform_matrix": [
                [
                    -0.422831654548645,
                    -0.542862594127655,
                    0.7256126403808594,
                    1.6310781240463257
                ],
                [
                    0.9062082767486572,
                    -0.2532966136932373,
                    0.33856672048568726,
                    0.7610519528388977
                ],
                [
                    2.1203252487111968e-09,
                    0.8007128834724426,
                    0.5990483164787292,
                    1.3465789556503296
                ],
                [
                    0,
                    0,
                    0,
                    1
                ]
            ]
        },
        {
            "file_path": "017.png",
            "camera_angle_x": 1.0162774134872732,
            "transform_matrix": [
                [
                    0.4228316843509674,
                    0.5932074785232544,
                    -0.6850680708885193,
                    -1.2193689346313477
                ],
                [
                    -0.9062082171440125,
                    0.2767871916294098,
                    -0.31964898109436035,
                    -0.5689507722854614
                ],
                [
                    -8.823014496783799e-08,
                    0.7559720277786255,
                    0.654603898525238,
                    1.1651450395584106
                ],
                [
                    0,
                    0,
                    0,
                    1
                ]
            ]
        },
        {
            "file_path": "018.png",
            "camera_angle_x": 1.2037565987394092,
            "transform_matrix": [
                [
                    -0.9062083959579468,
                    0.3002779483795166,
                    -0.2976907789707184,
                    -0.4553365707397461
                ],
                [
                    -0.4228317141532898,
                    -0.6435524821281433,
                    0.638007640838623,
                    0.9758723378181458
                ],
                [
                    1.58231046043511e-08,
                    0.7040408849716187,
                    0.7101594805717468,
                    1.0862330198287964
                ],
                [
                    0,
                    0,
                    0,
                    1
                ]
            ]
        },
        {
            "file_path": "019.png",
            "camera_angle_x": 0.6815463167397943,
            "transform_matrix": [
                [
                    0.9062082171440125,
                    -0.3237685561180115,
                    0.2719568908214569,
                    0.704698920249939
                ],
                [
                    0.4228316843509674,
                    0.6938972473144531,
                    -0.5828549861907959,
                    -1.5103029012680054
                ],
                [
                    -2.3461442566485857e-08,
                    0.6431799530982971,
                    0.7657150030136108,
                    1.9841326475143433
                ],
                [
                    0,
                    0,
                    0,
                    1
                ]
            ]
        },
        {
            "file_path": "020.png",
            "camera_angle_x": 0.6237210615316168,
            "transform_matrix": [
                [
                    -0.9397732615470886,
                    -0.2807093858718872,
                    0.19500954449176788,
                    0.5504130125045776
                ],
                [
                    0.3417988717556,
                    -0.7718081474304199,
                    0.5361771583557129,
                    1.5133562088012695
                ],
                [
                    -2.7788087386682037e-09,
                    0.5705388784408569,
                    0.8212705850601196,
                    2.31803035736084
                ],
                [
                    0,
                    0,
                    0,
                    1
                ]
            ]
        },
        {
            "file_path": "021.png",
            "camera_angle_x": 1.0468590705523595,
            "transform_matrix": [
                [
                    0.9397731423377991,
                    0.2996981739997864,
                    -0.16433949768543243,
                    -0.2847277820110321
                ],
                [
                    -0.3417988717556,
                    0.8240176439285278,
                    -0.4518500566482544,
                    -0.7828567624092102
                ],
                [
                    -7.978888660886696e-10,
                    0.4808075726032257,
                    0.8768261075019836,
                    1.5191527605056763
                ],
                [
                    0,
                    0,
                    0,
                    1
                ]
            ]
        },
        {
            "file_path": "022.png",
            "camera_angle_x": 0.815470712651556,
            "transform_matrix": [
                [
                    -0.3417988121509552,
                    0.8762272596359253,
                    -0.3397049307823181,
                    -0.7419160604476929
                ],
                [
                    -0.9397732019424438,
                    -0.31868696212768555,
                    0.12355174869298935,
                    0.26983749866485596
                ],
                [
                    -1.1671001942659132e-07,
                    0.36147540807724,
                    0.9323816299438477,
                    2.0363237857818604
                ],
                [
                    0,
                    0,
                    0,
                    1
                ]
            ]
        },
        {
            "file_path": "023.png",
            "camera_angle_x": 0.8844933680914129,
            "transform_matrix": [
                [
                    0.3417988419532776,
                    -0.9284369349479675,
                    0.14552827179431915,
                    0.29448553919792175
                ],
                [
                    0.9397731423377991,
                    0.3376758396625519,
                    -0.052929025143384933,
                    -0.10710544139146805
                ],
                [
                    -1.2858065190357593e-07,
                    0.1548546403646469,
                    0.9879372715950012,
                    1.9991508722305298
                ],
                [
                    0,
                    0,
                    0,
                    1
                ]
            ]
        }
    ]
}