{
    "aabb": [
        [
            -0.5,
            -0.5,
            -0.5
        ],
        [
            0.5,
            0.5,
            0.5
        ]
    ],
    "scale": 0.49999988079073887,
    "offset": [
        -0.0,
        -0.0,
        -0.0
    ],
    "frames": [
        {
            "file_path": "000.png",
            "camera_angle_x": 0.6981317007977318,
            "transform_matrix": [
                [
                    0.9987173080444336,
                    0.049998365342617035,
                    0.007997274398803711,
                    0.015994541347026825
                ],
                [
                    0.05063391104340553,
                    -0.9861815571784973,
                    -0.1577405482530594,
                    -0.3154807686805725
                ],
                [
                    -3.926343250526543e-09,
                    0.15794314444065094,
                    -0.9874482154846191,
                    -1.9748964309692383
                ],
                [
                    0,
                    0,
                    0,
                    1
                ]
            ]
        },
        {
            "file_path": "001.png",
            "camera_angle_x": 0.6981317007977318,
            "transform_matrix": [
                [
                    -0.9987173676490784,
                    -0.048648130148649216,
                    -0.014041101559996605,
                    -0.02808220498263836
                ],
                [
                    -0.05063391476869583,
                    0.9595491886138916,
                    0.27695053815841675,
                    0.553901195526123
                ],
                [
                    1.3410257349022459e-09,
                    0.2773062586784363,
                    -0.9607816338539124,
                    -1.9215631484985352
                ],
                [
                    0,
                    0,
                    0,
                    1
                ]
            ]
        },
        {
            "file_path": "002.png",
            "camera_angle_x": 0.6981317007977318,
            "transform_matrix": [
                [
                    -0.050634074956178665,
                    0.9329166412353516,
                    0.35651469230651855,
                    0.713029146194458
                ],
                [
                    0.9987172484397888,
                    0.04729804769158363,
                    0.01807505264878273,
                    0.036149825900793076
                ],
                [
                    7.518197264744231e-08,
                    0.3569725751876831,
                    -0.9341148138046265,
                    -1.8682297468185425
                ],
                [
                    0,
                    0,
                    0,
                    1
                ]
            ]
        },
        {
            "file_path": "003.png",
            "camera_angle_x": 0.6981317007977318,
            "transform_matrix": [
                [
                    0.05063382163643837,
                    -0.9062842726707458,
                    -0.4196249544620514,
                    -0.8392499089241028
                ],
                [
                    -0.9987173676490784,
                    -0.04594767838716507,
                    -0.021274520084261894,
                    -0.04254908487200737
                ],
                [
                    -6.031505961345829e-09,
                    0.4201638996601105,
                    -0.9074483513832092,
                    -1.8148964643478394
                ],
                [
                    0,
                    0,
                    0,
                    1
                ]
            ]
        },
        {
            "file_path": "004.png",
            "camera_angle_x": 0.6981317007977318,
            "transform_matrix": [
                [
                    0.670396089553833,
                    0.6535429954528809,
                    0.35135552287101746,
                    0.7027109861373901
                ],
                [
                    0.7420034408569336,
                    -0.5904725790023804,
                    -0.31744784116744995,
                    -0.6348957419395447
                ],
                [
                    -2.981519031663993e-08,
                    0.47352278232574463,
                    -0.8807816505432129,
                    -1.7615631818771362
                ],
                [
                    0,
                    0,
                    0,
                    1
                ]
            ]
        },
        {
            "file_path": "005.png",
            "camera_angle_x": 0.6981317007977318,
            "transform_matrix": [
                [
                    -0.6703962087631226,
                    -0.6337562203407288,
                    -0.38590437173843384,
                    -0.7718086838722229
                ],
                [
                    -0.7420034408569336,
                    0.5725952982902527,
                    0.3486625552177429,
                    0.6973251104354858
                ],
                [
                    -8.024493070024619e-09,
                    0.5200843811035156,
                    -0.8541150093078613,
                    -1.7082297801971436
                ],
                [
                    0,
                    0,
                    0,
                    1
                ]
            ]
        },
        {
            "file_path": "006.png",
            "camera_angle_x": 0.6981317007977318,
            "transform_matrix": [
                [
                    -0.742003321647644,
                    0.5547181367874146,
                    0.3764556050300598,
                    0.7529112100601196
                ],
                [
                    0.6703961491584778,
                    0.6139693856239319,
                    0.41666603088378906,
                    0.8333320617675781
                ],
                [
                    -1.2897691803459566e-08,
                    0.5615419745445251,
                    -0.8274482488632202,
                    -1.6548964977264404
                ],
                [
                    0,
                    0,
                    0,
                    1
                ]
            ]
        },
        {
            "file_path": "007.png",
            "camera_angle_x": 0.6981317007977318,
            "transform_matrix": [
                [
                    0.742003321647644,
                    -0.5368409156799316,
                    -0.4015381634235382,
                    -0.8030762672424316
                ],
                [
                    -0.6703962087631226,
                    -0.5941824316978455,
                    -0.4444277286529541,
                    -0.8888554573059082
                ],
                [
                    3.416468530303973e-08,
                    0.5989565253257751,
                    -0.8007814288139343,
                    -1.6015630960464478
                ],
                [
                    0,
                    0,
                    0,
                    1
                ]
            ]
        },
        {
            "file_path": "008.png",
            "camera_angle_x": 0.6981317007977318,
            "transform_matrix": [
                [
                    0.9033176898956299,
                    0.332073837518692,
                    0.27155882120132446,
                    0.5431175231933594
                ],
                [
                    0.4289722740650177,
                    -0.6992720365524292,
                    -0.5718409419059753,
                    -1.1436817646026611
                ],
                [
                    1.1648352504778359e-08,
                    0.6330452561378479,
                    -0.774115264415741,
                    -1.5482298135757446
                ],
                [
                    0,
                    0,
                    0,
                    1
                ]
            ]
        },
        {
            "file_path": "009.png",
            "camera_angle_x": 0.6981317007977318,
            "transform_matrix": [
                [
                    -0.9033178091049194,
                    -0.3206345736980438,
                    -0.2849748730659485,
                    -0.5699496865272522
                ],
                [
                    -0.4289722740650177,
                    0.6751831769943237,
                    0.6000921130180359,
                    1.2001841068267822
                ],
                [
                    -3.780268542641352e-09,
                    0.6643201112747192,
                    -0.7474483847618103,
                    -1.494896411895752
                ],
                [
                    0,
                    0,
                    0,
                    1
                ]
            ]
        },
        {
            "file_path": "010.png",
            "camera_angle_x": 0.6981317007977318,
            "transform_matrix": [
                [
                    -0.4289722442626953,
                    0.6510947346687317,
                    0.6261457204818726,
                    1.2522914409637451
                ],
                [
                    0.9033176898956299,
                    0.30919525027275085,
                    0.29734736680984497,
                    0.5946946740150452
                ],
                [
                    9.978414539091318e-09,
                    0.6931622624397278,
                    -0.7207816243171692,
                    -1.4415631294250488
                ],
                [
                    0,
                    0,
                    0,
                    1
                ]
            ]
        },
        {
            "file_path": "011.png",
            "camera_angle_x": 0.6981317007977318,
            "transform_matrix": [
                [
                    0.4289722144603729,
                    -0.6270062923431396,
                    -0.6502660512924194,
                    -1.3005322217941284
                ],
                [
                    -0.9033176898956299,
                    -0.2977560758590698,
                    -0.30880168080329895,
                    -0.6176034808158875
                ],
                [
                    -5.0593008893429214e-08,
                    0.7198641300201416,
                    -0.6941149830818176,
                    -1.3882298469543457
                ],
                [
                    0,
                    0,
                    0,
                    1
                ]
            ]
        },
        {
            "file_path": "012.png",
            "camera_angle_x": 0.6981317007977318,
            "transform_matrix": [
                [
                    0.3354128897190094,
                    0.6287838220596313,
                    0.701519250869751,
                    1.4030383825302124
                ],
                [
                    0.9420713186264038,
                    -0.22387103736400604,
                    -0.24976736307144165,
                    -0.49953463673591614
                ],
                [
                    5.209406950257289e-08,
                    0.7446563243865967,
                    -0.6674484610557556,
                    -1.334896445274353
                ],
                [
                    0,
                    0,
                    0,
                    1
                ]
            ]
        },
        {
            "file_path": "013.png",
            "camera_angle_x": 0.6981317007977318,
            "transform_matrix": [
                [
                    -0.33541297912597656,
                    -0.603661835193634,
                    -0.7232499718666077,
                    -1.4464999437332153
                ],
                [
                    -0.9420711994171143,
                    0.21492645144462585,
                    0.25750431418418884,
                    0.5150085687637329
                ],
                [
                    2.1075743816822978e-08,
                    0.7677232623100281,
                    -0.640781581401825,
                    -1.28156316280365
                ],
                [
                    0,
                    0,
                    0,
                    1
                ]
            ]
        },
        {
            "file_path": "014.png",
            "camera_angle_x": 0.6981317007977318,
            "transform_matrix": [
                [
                    -0.942071259021759,
                    0.20598204433918,
                    0.26471346616744995,
                    0.5294269323348999
                ],
                [
                    0.3354129195213318,
                    0.5785399675369263,
                    0.7434983253479004,
                    1.4869965314865112
                ],
                [
                    -1.927165627080285e-08,
                    0.7892166376113892,
                    -0.6141149401664734,
                    -1.2282297611236572
                ],
                [
                    0,
                    0,
                    0,
                    1
                ]
            ]
        },
        {
            "file_path": "015.png",
            "camera_angle_x": 0.6981317007977318,
            "transform_matrix": [
                [
                    0.9420711994171143,
                    -0.1970377415418625,
                    -0.2714368402957916,
                    -0.5428736805915833
                ],
                [
                    -0.3354129195213318,
                    -0.5534182786941528,
                    -0.7623822689056396,
                    -1.5247644186019897
                ],
                [
                    2.524155995331512e-09,
                    0.8092617988586426,
                    -0.5874484181404114,
                    -1.174896478652954
                ],
                [
                    0,
                    0,
                    0,
                    1
                ]
            ]
        },
        {
            "file_path": "016.png",
            "camera_angle_x": 0.6981317007977318,
            "transform_matrix": [
                [
                    0.9696490168571472,
                    0.13711170852184296,
                    0.20243802666664124,
                    0.40487605333328247
                ],
                [
                    0.24450106918811798,
                    -0.5437613725662231,
                    -0.8028342723846436,
                    -1.605668544769287
                ],
                [
                    -4.508047268814153e-09,
                    0.8279637694358826,
                    -0.5607815980911255,
                    -1.1215630769729614
                ],
                [
                    0,
                    0,
                    0,
                    1
                ]
            ]
        },
        {
            "file_path": "017.png",
            "camera_angle_x": 0.6981317007977318,
            "transform_matrix": [
                [
                    -0.969649076461792,
                    -0.13059167563915253,
                    -0.20670412480831146,
                    -0.41340821981430054
                ],
                [
                    -0.24450108408927917,
                    0.5179040431976318,
                    0.8197528123855591,
                    1.6395056247711182
                ],
                [
                    2.8803057716686453e-09,
                    0.8454118967056274,
                    -0.5341150164604187,
                    -1.0682297945022583
                ],
                [
                    0,
                    0,
                    0,
                    1
                ]
            ]
        },
        {
            "file_path": "018.png",
            "camera_angle_x": 0.6981317007977318,
            "transform_matrix": [
                [
                    -0.244500994682312,
                    0.4920467436313629,
                    0.8355293869972229,
                    1.6710586547851562
                ],
                [
                    0.969649076461792,
                    0.12407151609659195,
                    0.21068216860294342,
                    0.4213644564151764
                ],
                [
                    4.8246263872897543e-08,
                    0.8616822361946106,
                    -0.5074483156204224,
                    -1.0148965120315552
                ],
                [
                    0,
                    0,
                    0,
                    1
                ]
            ]
        },
        {
            "file_path": "019.png",
            "camera_angle_x": 0.6981317007977318,
            "transform_matrix": [
                [
                    0.24450094997882843,
                    -0.466189444065094,
                    -0.8502274751663208,
                    -1.700454831123352
                ],
                [
                    -0.9696491360664368,
                    -0.11755163967609406,
                    -0.2143883854150772,
                    -0.4287768304347992
                ],
                [
                    3.777865487109011e-08,
                    0.8768404722213745,
                    -0.4807817041873932,
                    -0.9615631103515625
                ],
                [
                    0,
                    0,
                    0,
                    1
                ]
            ]
        },
        {
            "file_path": "020.png",
            "camera_angle_x": 0.6981317007977318,
            "transform_matrix": [
                [
                    0.5127570033073425,
                    0.3898729979991913,
                    0.7649047374725342,
                    1.5298094749450684
                ],
                [
                    0.8585337996482849,
                    -0.23285065591335297,
                    -0.45683732628822327,
                    -0.9136747121810913
                ],
                [
                    2.3142840532841547e-08,
                    0.8909431099891663,
                    -0.4541149437427521,
                    -0.9082298278808594
                ],
                [
                    0,
                    0,
                    0,
                    1
                ]
            ]
        },
        {
            "file_path": "021.png",
            "camera_angle_x": 0.6981317007977318,
            "transform_matrix": [
                [
                    -0.5127570629119873,
                    -0.36697879433631897,
                    -0.776148796081543,
                    -1.5522974729537964
                ],
                [
                    -0.8585338592529297,
                    0.2191770225763321,
                    0.4635527729988098,
                    0.9271055459976196
                ],
                [
                    -6.229580407079993e-09,
                    0.9040398597717285,
                    -0.4274483323097229,
                    -0.8548964858055115
                ],
                [
                    0,
                    0,
                    0,
                    1
                ]
            ]
        },
        {
            "file_path": "022.png",
            "camera_angle_x": 0.6981317007977318,
            "transform_matrix": [
                [
                    -0.8585337996482849,
                    0.20550355315208435,
                    0.469774454832077,
                    0.9395489692687988
                ],
                [
                    0.5127570033073425,
                    0.34408456087112427,
                    0.7865660190582275,
                    1.573132038116455
                ],
                [
                    -2.8098067872406318e-08,
                    0.9161736369132996,
                    -0.4007816016674042,
                    -0.8015631437301636
                ],
                [
                    0,
                    0,
                    0,
                    1
                ]
            ]
        },
        {
            "file_path": "023.png",
            "camera_angle_x": 0.6981317007977318,
            "transform_matrix": [
                [
                    0.8585337400436401,
                    -0.19183006882667542,
                    -0.47552183270454407,
                    -0.9510436654090881
                ],
                [
                    -0.5127570629119873,
                    -0.32119041681289673,
                    -0.7961891293525696,
                    -1.5923781394958496
                ],
                [
                    2.6219364457347183e-09,
                    0.9273824095726013,
                    -0.3741150498390198,
                    -0.7482298016548157
                ],
                [
                    0,
                    0,
                    0,
                    1
                ]
            ]
        },
        {
            "file_path": "024.png",
            "camera_angle_x": 0.6981317007977318,
            "transform_matrix": [
                [
                    0.802272379398346,
                    0.20741206407546997,
                    0.5597671866416931,
                    1.1195343732833862
                ],
                [
                    0.5969581604003906,
                    -0.27874812483787537,
                    -0.7522901296615601,
                    -1.5045802593231201
                ],
                [
                    -3.013482796632161e-09,
                    0.9376991987228394,
                    -0.3474482297897339,
                    -0.6948964595794678
                ],
                [
                    0,
                    0,
                    0,
                    1
                ]
            ]
        },
        {
            "file_path": "025.png",
            "camera_angle_x": 0.6981317007977318,
            "transform_matrix": [
                [
                    -0.802272379398346,
                    -0.19149315357208252,
                    -0.565410852432251,
                    -1.130821704864502
                ],
                [
                    -0.5969581604003906,
                    0.2573542296886444,
                    0.7598748207092285,
                    1.519749641418457
                ],
                [
                    5.3426386870114584e-08,
                    0.9471532106399536,
                    -0.3207816183567047,
                    -0.6415631175041199
                ],
                [
                    0,
                    0,
                    0,
                    1
                ]
            ]
        },
        {
            "file_path": "026.png",
            "camera_angle_x": 0.6981317007977318,
            "transform_matrix": [
                [
                    -0.5969581604003906,
                    0.2359602451324463,
                    0.7667880058288574,
                    1.5335758924484253
                ],
                [
                    0.8022724390029907,
                    0.1755741685628891,
                    0.5705547332763672,
                    1.1411094665527344
                ],
                [
                    5.738955621836794e-08,
                    0.9557701349258423,
                    -0.2941148579120636,
                    -0.588229775428772
                ],
                [
                    0,
                    0,
                    0,
                    1
                ]
            ]
        },
        {
            "file_path": "027.png",
            "camera_angle_x": 0.6981317007977318,
            "transform_matrix": [
                [
                    0.5969581604003906,
                    -0.21456632018089294,
                    -0.7730473875999451,
                    -1.5460947751998901
                ],
                [
                    -0.802272379398346,
                    -0.15965543687343597,
                    -0.5752123594284058,
                    -1.150424599647522
                ],
                [
                    -4.326889069261597e-09,
                    0.9635722637176514,
                    -0.2674482464790344,
                    -0.5348964929580688
                ],
                [
                    0,
                    0,
                    0,
                    1
                ]
            ]
        },
        {
            "file_path": "028.png",
            "camera_angle_x": 0.6981317007977318,
            "transform_matrix": [
                [
                    0.14517904818058014,
                    0.23823052644729614,
                    0.9602964520454407,
                    1.9205929040908813
                ],
                [
                    0.9894053936004639,
                    -0.034956395626068115,
                    -0.14090777933597565,
                    -0.28181561827659607
                ],
                [
                    -1.4201518183654116e-08,
                    0.9705793261528015,
                    -0.2407814860343933,
                    -0.48156312108039856
                ],
                [
                    0,
                    0,
                    0,
                    1
                ]
            ]
        },
        {
            "file_path": "029.png",
            "camera_angle_x": 0.6981317007977318,
            "transform_matrix": [
                [
                    -0.14517919719219208,
                    -0.21184641122817993,
                    -0.9664596915245056,
                    -1.9329191446304321
                ],
                [
                    -0.9894055128097534,
                    0.031084779649972916,
                    0.14181220531463623,
                    0.2836243212223053
                ],
                [
                    -1.1760239004843243e-07,
                    0.9768086075782776,
                    -0.2141149640083313,
                    -0.42822980880737305
                ],
                [
                    0,
                    0,
                    0,
                    1
                ]
            ]
        },
        {
            "file_path": "030.png",
            "camera_angle_x": 0.6981317007977318,
            "transform_matrix": [
                [
                    -0.9894054532051086,
                    0.027213558554649353,
                    0.1426057070493698,
                    0.2852114140987396
                ],
                [
                    0.14517907798290253,
                    0.18546229600906372,
                    0.9718676805496216,
                    1.9437353610992432
                ],
                [
                    -7.207920482699137e-09,
                    0.9822745323181152,
                    -0.18744829297065735,
                    -0.37489646673202515
                ],
                [
                    0,
                    0,
                    0,
                    1
                ]
            ]
        },
        {
            "file_path": "031.png",
            "camera_angle_x": 0.6981317007977318,
            "transform_matrix": [
                [
                    0.9894053936004639,
                    -0.023342115804553032,
                    -0.14329029619693756,
                    -0.2865805923938751
                ],
                [
                    -0.14517907798290253,
                    -0.15907812118530273,
                    -0.9765332341194153,
                    -1.9530664682388306
                ],
                [
                    -8.235012671775621e-11,
                    0.9869900345802307,
                    -0.16078153252601624,
                    -0.32156312465667725
                ],
                [
                    0,
                    0,
                    0,
                    1
                ]
            ]
        },
        {
            "file_path": "032.png",
            "camera_angle_x": 0.6981317007977318,
            "transform_matrix": [
                [
                    0.9889451861381531,
                    0.01988675631582737,
                    0.1469419002532959,
                    0.2938838005065918
                ],
                [
                    0.1482815146446228,
                    -0.1326322853565216,
                    -0.9800109267234802,
                    -1.960021734237671
                ],
                [
                    -2.975881763234156e-09,
                    0.9909658432006836,
                    -0.13411490619182587,
                    -0.26822981238365173
                ],
                [
                    0,
                    0,
                    0,
                    1
                ]
            ]
        },
        {
            "file_path": "033.png",
            "camera_angle_x": 0.6981317007977318,
            "transform_matrix": [
                [
                    -0.988945484161377,
                    -0.01593259908258915,
                    -0.14742308855056763,
                    -0.2948461174964905
                ],
                [
                    -0.148281529545784,
                    0.10626037418842316,
                    0.9832199811935425,
                    1.9664397239685059
                ],
                [
                    2.2147110811943094e-09,
                    0.9942107796669006,
                    -0.10744847357273102,
                    -0.21489647030830383
                ],
                [
                    0,
                    0,
                    0,
                    1
                ]
            ]
        },
        {
            "file_path": "034.png",
            "camera_angle_x": 0.6981317007977318,
            "transform_matrix": [
                [
                    -0.1482814997434616,
                    0.07988859713077545,
                    0.9857132434844971,
                    1.971426248550415
                ],
                [
                    0.9889452457427979,
                    0.011978408321738243,
                    0.14779682457447052,
                    0.295593798160553
                ],
                [
                    -5.926229817987405e-08,
                    0.9967318773269653,
                    -0.08078169077634811,
                    -0.16156312823295593
                ],
                [
                    0,
                    0,
                    0,
                    1
                ]
            ]
        },
        {
            "file_path": "035.png",
            "camera_angle_x": 0.6981317007977318,
            "transform_matrix": [
                [
                    0.14828157424926758,
                    -0.053516730666160583,
                    -0.9874961376190186,
                    -1.9749921560287476
                ],
                [
                    -0.9889451861381531,
                    -0.008024202659726143,
                    -0.14806433022022247,
                    -0.2961284816265106
                ],
                [
                    8.033045872934963e-08,
                    0.9985347390174866,
                    -0.05411498248577118,
                    -0.10822980105876923
                ],
                [
                    0,
                    0,
                    0,
                    1
                ]
            ]
        },
        {
            "file_path": "036.png",
            "camera_angle_x": 0.6981317007977318,
            "transform_matrix": [
                [
                    0.5944390296936035,
                    0.022072210907936096,
                    0.8038376569747925,
                    1.6076754331588745
                ],
                [
                    0.8041406273841858,
                    -0.016316210851073265,
                    -0.5942150354385376,
                    -1.1884300708770752
                ],
                [
                    -2.4526347175424235e-08,
                    0.99962317943573,
                    -0.0274481400847435,
                    -0.05489646643400192
                ],
                [
                    0,
                    0,
                    0,
                    1
                ]
            ]
        },
        {
            "file_path": "037.png",
            "camera_angle_x": 0.6981317007977318,
            "transform_matrix": [
                [
                    -0.5944389700889587,
                    -0.000628445006441325,
                    -0.8041404485702515,
                    -1.608280897140503
                ],
                [
                    -0.8041407465934753,
                    0.0004646489687729627,
                    0.5944387912750244,
                    1.1888775825500488
                ],
                [
                    7.059165341161133e-08,
                    0.9999997019767761,
                    -0.000781562936026603,
                    -0.0015631348360329866
                ],
                [
                    0,
                    0,
                    0,
                    1
                ]
            ]
        },
        {
            "file_path": "038.png",
            "camera_angle_x": 0.6981317007977318,
            "transform_matrix": [
                [
                    -0.8041409254074097,
                    -0.005129022989422083,
                    0.5944169163703918,
                    1.1888337135314941
                ],
                [
                    0.5944390892982483,
                    -0.006938515696674585,
                    0.8041108846664429,
                    1.6082215309143066
                ],
                [
                    -1.0229864955135781e-08,
                    0.9999629259109497,
                    0.008628197014331818,
                    0.017256733030080795
                ],
                [
                    0,
                    0,
                    0,
                    1
                ]
            ]
        },
        {
            "file_path": "039.png",
            "camera_angle_x": 0.6981317007977318,
            "transform_matrix": [
                [
                    0.8041407465934753,
                    0.01041289884597063,
                    -0.5943477749824524,
                    -1.1886955499649048
                ],
                [
                    -0.5944390296936035,
                    0.014086157083511353,
                    -0.8040174245834351,
                    -1.608034610748291
                ],
                [
                    -1.9314477128773433e-08,
                    0.9998466372489929,
                    0.01751706749200821,
                    0.03503451123833656
                ],
                [
                    0,
                    0,
                    0,
                    1
                ]
            ]
        },
        {
            "file_path": "040.png",
            "camera_angle_x": 0.6981317007977318,
            "transform_matrix": [
                [
                    0.8569213151931763,
                    -0.01361094880849123,
                    0.5152674913406372,
                    1.0305348634719849
                ],
                [
                    0.515447199344635,
                    0.022628003731369972,
                    -0.8566225171089172,
                    -1.7132450342178345
                ],
                [
                    -4.082301074959105e-08,
                    0.999651312828064,
                    0.026406140998005867,
                    0.05281228944659233
                ],
                [
                    0,
                    0,
                    0,
                    1
                ]
            ]
        },
        {
            "file_path": "041.png",
            "camera_angle_x": 0.6981317007977318,
            "transform_matrix": [
                [
                    -0.8569214344024658,
                    0.01819271594285965,
                    -0.5151260495185852,
                    -1.0302520990371704
                ],
                [
                    -0.515447199344635,
                    -0.030245140194892883,
                    0.8563874959945679,
                    1.7127748727798462
                ],
                [
                    -2.4669191134307766e-08,
                    0.9993769526481628,
                    0.035295020788908005,
                    0.0705900639295578
                ],
                [
                    0,
                    0,
                    0,
                    1
                ]
            ]
        },
        {
            "file_path": "042.png",
            "camera_angle_x": 0.6981317007977318,
            "transform_matrix": [
                [
                    -0.5154473185539246,
                    -0.03786206617951393,
                    0.8560845851898193,
                    1.7121689319610596
                ],
                [
                    0.8569214344024658,
                    -0.022774584591388702,
                    0.5149438381195068,
                    1.0298876762390137
                ],
                [
                    6.359638149433522e-08,
                    0.9990234971046448,
                    0.04418378695845604,
                    0.08836784213781357
                ],
                [
                    0,
                    0,
                    0,
                    1
                ]
            ]
        },
        {
            "file_path": "043.png",
            "camera_angle_x": 0.6981317007977318,
            "transform_matrix": [
                [
                    0.5154470801353455,
                    0.045479267835617065,
                    -0.8557137250900269,
                    -1.7114273309707642
                ],
                [
                    -0.8569214344024658,
                    0.027356086298823357,
                    -0.5147206783294678,
                    -1.029441475868225
                ],
                [
                    -9.037410819701108e-08,
                    0.9985907077789307,
                    0.053072746843099594,
                    0.10614562034606934
                ],
                [
                    0,
                    0,
                    0,
                    1
                ]
            ]
        },
        {
            "file_path": "044.png",
            "camera_angle_x": 0.6981317007977318,
            "transform_matrix": [
                [
                    0.24145860970020294,
                    -0.060128357261419296,
                    0.9685465693473816,
                    1.9370930194854736
                ],
                [
                    0.9704111814498901,
                    0.014961115084588528,
                    -0.24099472165107727,
                    -0.48198947310447693
                ],
                [
                    1.2237091340239203e-08,
                    0.9980785846710205,
                    0.061961665749549866,
                    0.1239233985543251
                ],
                [
                    0,
                    0,
                    0,
                    1
                ]
            ]
        },
