{
    "aabb": [
        [
            -0.5,
            -0.5,
            -0.5
        ],
        [
            0.5,
            0.5,
            0.5
        ]
    ],
    "scale": 0.49999988079073887,
    "offset": [
        -0.0,
        -0.0,
        -0.0
    ],
    "frames": [
        {
            "file_path": "000.png",
            "camera_angle_x": 0.7188704572581667,
            "transform_matrix": [
                [
                    -0.7913945317268372,
                    0.5779397487640381,
                    0.1992008537054062,
                    0.4904480576515198
                ],
                [
                    0.6113062500953674,
                    0.7481980323791504,
                    0.25788453221321106,
                    0.6349318623542786
                ],
                [
                    -9.295004765874637e-10,
                    0.32586103677749634,
                    -0.9454180002212524,
                    -2.327692985534668
                ],
                [
                    0,
                    0,
                    0,
                    1
                ]
            ]
        },
        {
            "file_path": "001.png",
            "camera_angle_x": 1.112251600630671,
            "transform_matrix": [
                [
                    0.7913942337036133,
                    -0.4760552942752838,
                    -0.3834925889968872,
                    -0.6291238069534302
                ],
                [
                    -0.6113061308860779,
                    -0.6162991523742676,
                    -0.4964677691459656,
                    -0.8144608736038208
                ],
                [
                    -2.2113878728191594e-08,
                    0.6273331046104431,
                    -0.7787511348724365,
                    -1.2775496244430542
                ],
                [
                    0,
                    0,
                    0,
                    1
                ]
            ]
        },
        {
            "file_path": "002.png",
            "camera_angle_x": 1.0335558035323575,
            "transform_matrix": [
                [
                    -0.6113061308860779,
                    -0.48440006375312805,
                    -0.6258286833763123,
                    -1.0969518423080444
                ],
                [
                    -0.7913942933082581,
                    0.37417083978652954,
                    0.48341628909111023,
                    0.8473316431045532
                ],
                [
                    -2.3558836659276494e-08,
                    0.7907925248146057,
                    -0.6120843887329102,
                    -1.0728609561920166
                ],
                [
                    0,
                    0,
                    0,
                    1
                ]
            ]
        },
        {
            "file_path": "003.png",
            "camera_angle_x": 0.362241877876809,
            "transform_matrix": [
                [
                    0.6113061308860779,
                    0.3525010049343109,
                    0.7085533738136292,
                    3.4065253734588623
                ],
                [
                    0.7913942337036133,
                    -0.272286593914032,
                    -0.5473163723945618,
                    -2.631343364715576
                ],
                [
                    -2.7700686189291446e-09,
                    0.8953229188919067,
                    -0.44541773200035095,
                    -2.1414430141448975
                ],
                [
                    0,
                    0,
                    0,
                    1
                ]
            ]
        },
        {
            "file_path": "004.png",
            "camera_angle_x": 0.23930316400980423,
            "transform_matrix": [
                [
                    -0.991858959197998,
                    -0.03549657762050629,
                    -0.1222941055893898,
                    -0.8872673511505127
                ],
                [
                    -0.12734149396419525,
                    0.2764817476272583,
                    0.9525449872016907,
                    6.910897731781006
                ],
                [
                    2.1867574417910873e-09,
                    0.9603633880615234,
                    -0.27875110507011414,
                    -2.022392511367798
                ],
                [
                    0,
                    0,
                    0,
                    1
                ]
            ]
        },
        {
            "file_path": "005.png",
            "camera_angle_x": 0.856495142446707,
            "transform_matrix": [
                [
                    0.991858959197998,
                    0.01427299715578556,
                    0.12653909623622894,
                    0.2638864815235138
                ],
                [
                    0.12734150886535645,
                    -0.1111718937754631,
                    -0.9856089353561401,
                    -2.055403470993042
                ],
                [
                    -4.087359783966349e-09,
                    0.9936987161636353,
                    -0.11208438128232956,
                    -0.23374243080615997
                ],
                [
                    0,
                    0,
                    0,
                    1
                ]
            ]
        },
        {
            "file_path": "006.png",
            "camera_angle_x": 1.0959188001723175,
            "transform_matrix": [
                [
                    0.12734131515026093,
                    0.01804601214826107,
                    -0.9916948080062866,
                    -1.6486009359359741
                ],
                [
                    -0.9918590188026428,
                    0.0023167335893958807,
                    -0.1273202896118164,
                    -0.21165843307971954
                ],
                [
                    -7.45512522826175e-08,
                    0.9998345375061035,
                    0.018194064497947693,
                    0.030246006324887276
                ],
                [
                    0,
                    0,
                    0,
                    1
                ]
            ]
        },
        {
            "file_path": "007.png",
            "camera_angle_x": 0.8578140960476798,
            "transform_matrix": [
                [
                    -0.12734147906303406,
                    -0.07314933836460114,
                    0.9891579151153564,
                    2.0598294734954834
                ],
                [
                    0.991858959197998,
                    -0.009391441009938717,
                    0.12699469923973083,
                    0.2644546926021576
                ],
                [
                    3.51671332055048e-08,
                    0.997276782989502,
                    0.07374973595142365,
                    0.1535767912864685
                ],
                [
                    0,
                    0,
                    0,
                    1
                ]
            ]
        },
        {
            "file_path": "008.png",
            "camera_angle_x": 0.8094083593831709,
            "transform_matrix": [
                [
                    -0.965089738368988,
                    -0.03386759012937546,
                    0.25972092151641846,
                    0.5712424516677856
                ],
                [
                    0.2619197964668274,
                    -0.12479117512702942,
                    0.9569876194000244,
                    2.1048436164855957
                ],
                [
                    8.292249553676356e-09,
                    0.9916048645973206,
                    0.12930519878864288,
                    0.28439998626708984
                ],
                [
                    0,
                    0,
                    0,
                    1
                ]
            ]
        },
        {
            "file_path": "009.png",
            "camera_angle_x": 1.1636533931639892,
            "transform_matrix": [
                [
                    0.9650896787643433,
                    0.048418689519166946,
                    -0.25740551948547363,
                    -0.40563973784446716
                ],
                [
                    -0.2619197964668274,
                    0.17840717732906342,
                    -0.9484561085700989,
                    -1.494651198387146
                ],
                [
                    2.843529856022542e-09,
                    0.9827647805213928,
                    0.1848607361316681,
                    0.29131802916526794
                ],
                [
                    0,
                    0,
                    0,
                    1
                ]
            ]
        },
        {
            "file_path": "010.png",
            "camera_angle_x": 0.5092059871668877,
            "transform_matrix": [
                [
                    -0.26191985607147217,
                    0.23202335834503174,
                    -0.936783492565155,
                    -3.2211320400238037
                ],
                [
                    -0.9650896787643433,
                    -0.06296981126070023,
                    0.25423765182495117,
                    0.8741967082023621
                ],
                [
                    5.255683532823241e-08,
                    0.9706699252128601,
                    0.24041630327701569,
                    0.8266720771789551
                ],
                [
                    0,
                    0,
                    0,
                    1
                ]
            ]
        },
        {
            "file_path": "011.png",
            "camera_angle_x": 0.7642728362851052,
            "transform_matrix": [
                [
                    0.261919766664505,
                    -0.28563937544822693,
                    0.9218504428863525,
                    2.140890598297119
                ],
                [
                    0.9650896787643433,
                    0.07752083241939545,
                    -0.25018495321273804,
                    -0.5810253620147705
                ],
                [
                    -8.448363786328628e-09,
                    0.955196738243103,
                    0.2959718108177185,
                    0.6873603463172913
                ],
                [
                    0,
                    0,
                    0,
                    1
                ]
            ]
        },
        {
            "file_path": "012.png",
            "camera_angle_x": 0.9614845356939538,
            "transform_matrix": [
                [
                    -0.8676266670227051,
                    0.17478515207767487,
                    -0.465482622385025,
                    -0.8717283010482788
                ],
                [
                    -0.49721619486808777,
                    -0.30499470233917236,
                    0.8122525811195374,
                    1.5211385488510132
                ],
                [
                    -4.153886123958728e-08,
                    0.9361775517463684,
                    0.35152754187583923,
                    0.6583197116851807
                ],
                [
                    0,
                    0,
                    0,
                    1
                ]
            ]
        },
        {
            "file_path": "013.png",
            "camera_angle_x": 1.0168147721200484,
            "transform_matrix": [
                [
                    0.8676266670227051,
                    -0.2024082988500595,
                    0.4541528820991516,
                    0.8079677224159241
                ],
                [
                    0.49721622467041016,
                    0.35319608449935913,
                    -0.7924825549125671,
                    -1.4098783731460571
                ],
                [
                    1.2346355049430713e-09,
                    0.9133911728858948,
                    0.40708303451538086,
                    0.7242273092269897
                ],
                [
                    0,
                    0,
                    0,
                    1
                ]
            ]
        },
        {
            "file_path": "014.png",
            "camera_angle_x": 0.22765629028046264,
            "transform_matrix": [
                [
                    0.4972160756587982,
                    0.40139755606651306,
                    -0.7691920399665833,
                    -5.864809036254883
                ],
                [
                    -0.8676268458366394,
                    0.23003114759922028,
                    -0.4408056139945984,
                    -3.3609824180603027
                ],
                [
                    -2.006261290432576e-08,
                    0.8865472078323364,
                    0.46263834834098816,
                    3.527451276779175
                ],
                [
                    0,
                    0,
                    0,
                    1
                ]
            ]
        },
        {
            "file_path": "015.png",
            "camera_angle_x": 0.7326338554072651,
            "transform_matrix": [
                [
                    -0.49721628427505493,
                    -0.4495989978313446,
                    0.7420490384101868,
                    1.7941672801971436
                ],
                [
                    0.8676266670227051,
                    -0.25765460729599,
                    0.4252506494522095,
                    1.028194546699524
                ],
                [
                    7.416726077735802e-08,
                    0.8552630543708801,
                    0.5181941390037537,
                    1.2529183626174927
                ],
                [
                    0,
                    0,
                    0,
                    1
                ]
            ]
        },
        {
            "file_path": "016.png",
            "camera_angle_x": 0.5864227846168656,
            "transform_matrix": [
                [
                    -0.8954476714134216,
                    -0.25541427731513977,
                    0.36460521817207336,
                    1.0924800634384155
                ],
                [
                    0.4451667070388794,
                    -0.5137627720832825,
                    0.7333991527557373,
                    2.1975111961364746
                ],
                [
                    -2.5278243498405573e-08,
                    0.8190307021141052,
                    0.5737496614456177,
                    1.7191473245620728
                ],
                [
                    0,
                    0,
                    0,
                    1
                ]
            ]
        },
        {
            "file_path": "017.png",
            "camera_angle_x": 1.0938891211863453,
            "transform_matrix": [
                [
                    0.8954477310180664,
                    0.28014570474624634,
                    -0.3459649682044983,
                    -0.5760930776596069
                ],
                [
                    -0.445166677236557,
                    0.5635098814964294,
                    -0.6959046125411987,
                    -1.1588046550750732
                ],
                [
                    -6.051024570297159e-09,
                    0.7771583199501038,
                    0.6293051838874817,
                    1.0479048490524292
                ],
                [
                    0,
                    0,
                    0,
                    1
                ]
            ]
        },
        {
            "file_path": "018.png",
            "camera_angle_x": 0.32021240914007615,
            "transform_matrix": [
                [
                    -0.44516676664352417,
                    0.6132569909095764,
                    -0.652489423751831,
                    -3.5444836616516113
                ],
                [
                    -0.8954476714134216,
                    -0.30487722158432007,
                    0.32438144087791443,
                    1.7621197700500488
                ],
                [
                    8.70799254926169e-09,
                    0.7286739945411682,
                    0.6848607659339905,
                    3.7203328609466553
                ],
                [
                    0,
                    0,
                    0,
                    1
                ]
            ]
        },
        {
            "file_path": "019.png",
            "camera_angle_x": 0.8055145244827676,
            "transform_matrix": [
                [
                    0.44516661763191223,
                    -0.6630041003227234,
                    0.6018739342689514,
                    1.3298366069793701
                ],
                [
                    0.8954477906227112,
                    0.32960861921310425,
                    -0.29921814799308777,
                    -0.6611207127571106
                ],
                [
                    2.383767849778451e-09,
                    0.672148585319519,
                    0.7404162883758545,
                    1.6359453201293945
                ],
                [
                    0,
                    0,
                    0,
                    1
                ]
            ]
        },
        {
            "file_path": "020.png",
            "camera_angle_x": 0.8396248375503601,
            "transform_matrix": [
                [
                    -0.9479576349258423,
                    0.2534348666667938,
                    -0.19273625314235687,
                    -0.40951651334762573
                ],
                [
                    -0.31839674711227417,
                    -0.754547655582428,
                    0.5738306045532227,
                    1.2192469835281372
                ],
                [
                    -4.526219399281217e-10,
                    0.6053336262702942,
                    0.7959718704223633,
                    1.6912418603897095
                ],
                [
                    0,
                    0,
                    0,
                    1
                ]
            ]
        },
        {
            "file_path": "021.png",
            "camera_angle_x": 0.9666473144851948,
            "transform_matrix": [
                [
                    0.9479575753211975,
                    -0.2711235582828522,
                    0.16693860292434692,
                    0.3110940456390381
                ],
                [
                    0.31839674711227417,
                    0.8072118759155273,
                    -0.49702364206314087,
                    -0.9262153506278992
                ],
                [
                    1.7190036061265346e-09,
                    0.5243099927902222,
                    0.8515274524688721,
                    1.5868414640426636
                ],
                [
                    0,
                    0,
                    0,
                    1
                ]
            ]
        },
        {
            "file_path": "022.png",
            "camera_angle_x": 0.7266120699281714,
            "transform_matrix": [
                [
                    0.3183966279029846,
                    0.8598762154579163,
                    -0.3990444839000702,
                    -0.9724685549736023
                ],
                [
                    -0.9479576349258423,
                    0.28881216049194336,
                    -0.13402965664863586,
                    -0.3266294300556183
                ],
                [
                    -1.3563472123223619e-08,
                    0.42095184326171875,
                    0.9070829749107361,
                    2.210554838180542
                ],
                [
                    0,
                    0,
                    0,
                    1
                ]
            ]
        },
        {
            "file_path": "023.png",
            "camera_angle_x": 0.4213253183184596,
            "transform_matrix": [
                [
                    -0.3183968663215637,
                    -0.9125405550003052,
                    0.25669705867767334,
                    1.0631169080734253
                ],
                [
                    0.9479576349258423,
                    -0.3065010905265808,
                    0.08621858805418015,
                    0.35707607865333557
                ],
                [
                    -5.288355708898962e-08,
                    0.27078962326049805,
                    0.9626385569572449,
                    3.9867897033691406
                ],
                [
                    0,
                    0,
                    0,
                    1
                ]
            ]
        }
    ]
}