{
    "aabb": [
        [
            -0.5,
            -0.5,
            -0.5
        ],
        [
            0.5,
            0.5,
            0.5
        ]
    ],
    "scale": 0.5013827070647761,
    "offset": [
        0.005751371383666992,
        -0.06651794165372849,
        -0.05214683711528778
    ],
    "frames": [
        {
            "file_path": "000.png",
            "camera_angle_x": 0.6981317007977318,
            "transform_matrix": [
                [
                    0.816460132598877,
                    -0.5770685076713562,
                    -0.019616298377513885,
                    -0.03923274949193001
                ],
                [
                    -0.5774018168449402,
                    -0.8159888982772827,
                    -0.02773779071867466,
                    -0.05547605827450752
                ],
                [
                    -7.555987480145632e-08,
                    0.03397328779101372,
                    -0.9994227886199951,
                    -1.9988454580307007
                ],
                [
                    0,
                    0,
                    0,
                    1
                ]
            ]
        },
        {
            "file_path": "001.png",
            "camera_angle_x": 0.6981317007977318,
            "transform_matrix": [
                [
                    -0.8164601922035217,
                    0.5616710782051086,
                    0.13385969400405884,
                    0.2677193284034729
                ],
                [
                    0.5774017572402954,
                    0.794216513633728,
                    0.1892809420824051,
                    0.3785616159439087
                ],
                [
                    4.003047138212423e-08,
                    0.2318311631679535,
                    -0.972756028175354,
                    -1.9455121755599976
                ],
                [
                    0,
                    0,
                    0,
                    1
                ]
            ]
        },
        {
            "file_path": "002.png",
            "camera_angle_x": 0.6981317007977318,
            "transform_matrix": [
                [
                    0.577401876449585,
                    0.7724442481994629,
                    0.26445600390434265,
                    0.5289120674133301
                ],
                [
                    0.8164600729942322,
                    -0.5462737679481506,
                    -0.18702371418476105,
                    -0.3740473985671997
                ],
                [
                    -5.2884043810763615e-09,
                    0.3239056169986725,
                    -0.9460893869400024,
                    -1.8921787738800049
                ],
                [
                    0,
                    0,
                    0,
                    1
                ]
            ]
        },
        {
            "file_path": "003.png",
            "camera_angle_x": 0.6981317007977318,
            "transform_matrix": [
                [
                    -0.5774017572402954,
                    -0.7506719827651978,
                    -0.32108986377716064,
                    -0.6421796679496765
                ],
                [
                    -0.816460132598877,
                    0.5308763384819031,
                    0.22707518935203552,
                    0.4541504383087158
                ],
                [
                    2.205883120609542e-08,
                    0.39327070116996765,
                    -0.9194227457046509,
                    -1.8388454914093018
                ],
                [
                    0,
                    0,
                    0,
                    1
                ]
            ]
        },
        {
            "file_path": "004.png",
            "camera_angle_x": 0.6981317007977318,
            "transform_matrix": [
                [
                    0.985609233379364,
                    0.15091125667095184,
                    0.07615923136472702,
                    0.15231844782829285
                ],
                [
                    0.1690397560596466,
                    -0.8799087405204773,
                    -0.44405680894851685,
                    -0.8881134390830994
                ],
                [
                    -5.9176334943344955e-09,
                    0.4505404233932495,
                    -0.8927562236785889,
                    -1.785512089729309
                ],
                [
                    0,
                    0,
                    0,
                    1
                ]
            ]
        },
        {
            "file_path": "005.png",
            "camera_angle_x": 0.6981317007977318,
            "transform_matrix": [
                [
                    -0.9856091737747192,
                    -0.14640353620052338,
                    -0.08450113981962204,
                    -0.16900226473808289
                ],
                [
                    -0.1690397560596466,
                    0.8536257147789001,
                    0.4926953613758087,
                    0.9853907227516174
                ],
                [
                    -2.522825948148011e-09,
                    0.49988916516304016,
                    -0.8660893440246582,
                    -1.732178807258606
                ],
                [
                    0,
                    0,
                    0,
                    1
                ]
            ]
        },
        {
            "file_path": "006.png",
            "camera_angle_x": 0.6981317007977318,
            "transform_matrix": [
                [
                    -0.16903963685035706,
                    0.8273428082466125,
                    0.5356580018997192,
                    1.071315884590149
                ],
                [
                    0.9856092929840088,
                    0.14189565181732178,
                    0.0918695256114006,
                    0.18373912572860718
                ],
                [
                    4.269757880592806e-08,
                    0.5434790849685669,
                    -0.8394227623939514,
                    -1.6788455247879028
                ],
                [
                    0,
                    0,
                    0,
                    1
                ]
            ]
        },
        {
            "file_path": "007.png",
            "camera_angle_x": 0.6981317007977318,
            "transform_matrix": [
                [
                    0.16903971135616302,
                    -0.8010599613189697,
                    -0.5742200016975403,
                    -1.1484400033950806
                ],
                [
                    -0.9856092929840088,
                    -0.13738815486431122,
                    -0.09848329424858093,
                    -0.1969665139913559
                ],
                [
                    2.4166988410456725e-08,
                    0.582604169845581,
                    -0.8127561807632446,
                    -1.6255121231079102
                ],
                [
                    0,
                    0,
                    0,
                    1
                ]
            ]
        },
        {
            "file_path": "008.png",
            "camera_angle_x": 0.6981317007977318,
            "transform_matrix": [
                [
                    0.9752728939056396,
                    -0.17372886836528778,
                    -0.1366053819656372,
                    -0.2732107639312744
                ],
                [
                    -0.2210039645433426,
                    -0.7666518092155457,
                    -0.6028287410736084,
                    -1.2056573629379272
                ],
                [
                    -7.1703043502679975e-09,
                    0.6181128621101379,
                    -0.7860895395278931,
                    -1.572178840637207
                ],
                [
                    0,
                    0,
                    0,
                    1
                ]
            ]
        },
        {
            "file_path": "009.png",
            "camera_angle_x": 0.6981317007977318,
            "transform_matrix": [
                [
                    -0.9752730131149292,
                    0.16783544421195984,
                    0.14378462731838226,
                    0.2875692546367645
                ],
                [
                    0.22100397944450378,
                    0.7406444549560547,
                    0.6345100998878479,
                    1.2690201997756958
                ],
                [
                    -8.805972839809328e-09,
                    0.6505975127220154,
                    -0.7594228386878967,
                    -1.5188454389572144
                ],
                [
                    0,
                    0,
                    0,
                    1
                ]
            ]
        },
        {
            "file_path": "010.png",
            "camera_angle_x": 0.6981317007977318,
            "transform_matrix": [
                [
                    0.22100400924682617,
                    0.7146371603012085,
                    0.6636648178100586,
                    1.3273296356201172
                ],
                [
                    0.9752729535102844,
                    -0.16194209456443787,
                    -0.1503913253545761,
                    -0.30078259110450745
                ],
                [
                    1.4589547348009546e-08,
                    0.6804913878440857,
                    -0.7327561378479004,
                    -1.4655121564865112
                ],
                [
                    0,
                    0,
                    0,
                    1
                ]
            ]
        },
        {
            "file_path": "011.png",
            "camera_angle_x": 0.6981317007977318,
            "transform_matrix": [
                [
                    -0.221003919839859,
                    -0.6886298656463623,
                    -0.6906129717826843,
                    -1.381225824356079
                ],
                [
                    -0.9752729535102844,
                    0.15604840219020844,
                    0.15649791061878204,
                    0.3129958510398865
                ],
                [
                    -4.617628235337179e-08,
                    0.7081227898597717,
                    -0.706089437007904,
                    -1.4121787548065186
                ],
                [
                    0,
                    0,
                    0,
                    1
                ]
            ]
        },
        {
            "file_path": "012.png",
            "camera_angle_x": 0.6981317007977318,
            "transform_matrix": [
                [
                    0.8458954691886902,
                    0.36236926913261414,
                    0.3913431167602539,
                    0.7826860547065735
                ],
                [
                    0.533348798751831,
                    -0.5747206211090088,
                    -0.6206733584403992,
                    -1.2413465976715088
                ],
                [
                    -6.040178135435781e-09,
                    0.733747124671936,
                    -0.6794227361679077,
                    -1.3588454723358154
                ],
                [
                    0,
                    0,
                    0,
                    1
                ]
            ]
        },
        {
            "file_path": "013.png",
            "camera_angle_x": 0.6981317007977318,
            "transform_matrix": [
                [
                    -0.8458955883979797,
                    -0.34814658761024475,
                    -0.4040479362010956,
                    -0.8080959916114807
                ],
                [
                    -0.5333486795425415,
                    0.5521634817123413,
                    0.640823483467102,
                    1.281646966934204
                ],
                [
                    2.82842407273165e-08,
                    0.7575681209564209,
                    -0.6527562141418457,
                    -1.3055121898651123
                ],
                [
                    0,
                    0,
                    0,
                    1
                ]
            ]
        },
        {
            "file_path": "014.png",
            "camera_angle_x": 0.6981317007977318,
            "transform_matrix": [
                [
                    -0.5333486199378967,
                    0.5296061635017395,
                    0.659588098526001,
                    1.319176197052002
                ],
                [
                    0.8458954691886902,
                    0.33392390608787537,
                    0.41587933897972107,
                    0.8317586779594421
                ],
                [
                    3.677362769849424e-08,
                    0.7797513008117676,
                    -0.626089334487915,
                    -1.2521787881851196
                ],
                [
                    0,
                    0,
                    0,
                    1
                ]
            ]
        },
        {
            "file_path": "015.png",
            "camera_angle_x": 0.6981317007977318,
            "transform_matrix": [
                [
                    0.5333486199378967,
                    -0.5070490837097168,
                    -0.677082359790802,
                    -1.354164719581604
                ],
                [
                    -0.8458955883979797,
                    -0.3197013735771179,
                    -0.4269096851348877,
                    -0.8538193702697754
                ],
                [
                    2.9531095790957806e-08,
                    0.8004326820373535,
                    -0.599422812461853,
                    -1.1988455057144165
                ],
                [
                    0,
                    0,
                    0,
                    1
                ]
            ]
        },
        {
            "file_path": "016.png",
            "camera_angle_x": 0.6981317007977318,
            "transform_matrix": [
                [
                    0.9134175777435303,
                    -0.23312531411647797,
                    -0.33364787697792053,
                    -0.6672957539558411
                ],
                [
                    -0.40702372789382935,
                    -0.5231654644012451,
                    -0.7487519383430481,
                    -1.4975039958953857
                ],
                [
                    -1.4828074768047372e-08,
                    0.8197258114814758,
                    -0.5727560520172119,
                    -1.1455121040344238
                ],
                [
                    0,
                    0,
                    0,
                    1
                ]
            ]
        },
        {
            "file_path": "017.png",
            "camera_angle_x": 0.6981317007977318,
            "transform_matrix": [
                [
                    -0.913417637348175,
                    0.2222713679075241,
                    0.34097474813461304,
                    0.6819494962692261
                ],
                [
                    0.40702375769615173,
                    0.4988076388835907,
                    0.7651945352554321,
                    1.5303889513015747
                ],
                [
                    -1.4005987480913973e-09,
                    0.8377269506454468,
                    -0.5460894703865051,
                    -1.0921788215637207
                ],
                [
                    0,
                    0,
                    0,
                    1
                ]
            ]
        },
        {
            "file_path": "018.png",
            "camera_angle_x": 0.6981317007977318,
            "transform_matrix": [
                [
                    0.40702369809150696,
                    0.4744498133659363,
                    0.7805312871932983,
                    1.5610624551773071
                ],
                [
                    0.9134175777435303,
                    -0.21141737699508667,
                    -0.3478088080883026,
                    -0.6956177353858948
                ],
                [
                    7.199191998097376e-08,
                    0.8545174598693848,
                    -0.5194226503372192,
                    -1.038845419883728
                ],
                [
                    0,
                    0,
                    0,
                    1
                ]
            ]
        },
        {
            "file_path": "019.png",
            "camera_angle_x": 0.6981317007977318,
            "transform_matrix": [
                [
                    -0.40702369809150696,
                    -0.45009204745292664,
                    -0.7948262691497803,
                    -1.5896525382995605
                ],
                [
                    -0.9134175777435303,
                    0.20056341588497162,
                    0.3541788160800934,
                    0.7083576321601868
                ],
                [
                    -1.823513429144441e-08,
                    0.8701674938201904,
                    -0.49275603890419006,
                    -0.9855121374130249
                ],
                [
                    0,
                    0,
                    0,
                    1
                ]
            ]
        },
        {
            "file_path": "020.png",
            "camera_angle_x": 0.6981317007977318,
            "transform_matrix": [
                [
                    0.933692991733551,
                    0.16689471900463104,
                    0.31680208444595337,
                    0.6336039900779724
                ],
                [
                    0.3580745756626129,
                    -0.43518462777137756,
                    -0.8260735273361206,
                    -1.6521466970443726
                ],
                [
                    1.9289879915618258e-08,
                    0.8847378492355347,
                    -0.4660895764827728,
                    -0.932178795337677
                ],
                [
                    0,
                    0,
                    0,
                    1
                ]
            ]
        },
        {
            "file_path": "021.png",
            "camera_angle_x": 0.6981317007977318,
            "transform_matrix": [
                [
                    -0.9336934685707092,
                    -0.15734611451625824,
                    -0.3216513991355896,
                    -0.6433026194572449
                ],
                [
                    -0.3580746054649353,
                    0.4102858006954193,
                    0.8387182950973511,
                    1.6774362325668335
                ],
                [
                    2.312435043450023e-08,
                    0.8982806205749512,
                    -0.4394231140613556,
                    -0.8788454532623291
                ],
                [
                    0,
                    0,
                    0,
                    1
                ]
            ]
        },
        {
            "file_path": "022.png",
            "camera_angle_x": 0.6981317007977318,
            "transform_matrix": [
                [
                    -0.35807451605796814,
                    0.38538745045661926,
                    0.8504465222358704,
                    1.7008929252624512
                ],
                [
                    0.9336931109428406,
                    0.14779727160930634,
                    0.3261491656303406,
                    0.6522983312606812
                ],
                [
                    7.171403382244534e-08,
                    0.910841703414917,
                    -0.4127560555934906,
                    -0.8255121111869812
                ],
                [
                    0,
                    0,
                    0,
                    1
                ]
            ]
        },
        {
            "file_path": "023.png",
            "camera_angle_x": 0.6981317007977318,
            "transform_matrix": [
                [
                    0.35807445645332336,
                    -0.36048904061317444,
                    -0.861295759677887,
                    -1.722591519355774
                ],
                [
                    -0.9336930513381958,
                    -0.13824878633022308,
                    -0.3303098678588867,
                    -0.6606197953224182
                ],
                [
                    6.143539010849963e-09,
                    0.9224613904953003,
                    -0.3860894739627838,
                    -0.7721788287162781
                ],
                [
                    0,
                    0,
                    0,
                    1
                ]
            ]
        },
        {
            "file_path": "024.png",
            "camera_angle_x": 0.6981317007977318,
            "transform_matrix": [
                [
                    0.9996490478515625,
                    -0.009521512314677238,
                    -0.02472085691988468,
                    -0.04944170266389847
                ],
                [
                    -0.026491129770874977,
                    -0.35929685831069946,
                    -0.9328475594520569,
                    -1.8656946420669556
                ],
                [
                    -8.121063821420194e-10,
                    0.9331750869750977,
                    -0.3594230115413666,
                    -0.7188454866409302
                ],
                [
                    0,
                    0,
                    0,
                    1
                ]
            ]
        },
        {
            "file_path": "025.png",
            "camera_angle_x": 0.6981317007977318,
            "transform_matrix": [
                [
                    -0.9996490478515625,
                    0.008815082721412182,
                    0.024981476366519928,
                    0.04996294900774956
                ],
                [
                    0.026491127908229828,
                    0.33263924717903137,
                    0.9426820278167725,
                    1.8853639364242554
                ],
                [
                    -1.7618584369216705e-10,
                    0.9430129528045654,
                    -0.33275604248046875,
                    -0.6655121445655823
                ],
                [
                    0,
                    0,
                    0,
                    1
                ]
            ]
        },
        {
            "file_path": "026.png",
            "camera_angle_x": 0.6981317007977318,
            "transform_matrix": [
                [
                    0.026491113007068634,
                    0.3059820532798767,
                    0.9516686797142029,
                    1.9033373594284058
                ],
                [
                    0.9996491074562073,
                    -0.008108670823276043,
                    -0.025219663977622986,
                    -0.050439249724149704
                ],
                [
                    -3.77455080524669e-08,
                    0.9520028233528137,
                    -0.30608949065208435,
                    -0.6121788024902344
                ],
                [
                    0,
                    0,
                    0,
                    1
                ]
            ]
        },
        {
            "file_path": "027.png",
            "camera_angle_x": 0.6981317007977318,
            "transform_matrix": [
                [
                    -0.026491107419133186,
                    -0.27932465076446533,
                    -0.959831178188324,
                    -1.9196624755859375
                ],
                [
                    -0.9996490478515625,
                    0.007402275688946247,
                    0.02543593756854534,
                    0.050871871411800385
                ],
                [
                    2.460461345776821e-08,
                    0.960168182849884,
                    -0.27942267060279846,
                    -0.5588454604148865
                ],
                [
                    0,
                    0,
                    0,
                    1
                ]
            ]
        },
        {
            "file_path": "028.png",
            "camera_angle_x": 0.6981317007977318,
            "transform_matrix": [
                [
                    0.7255906462669373,
                    0.17392820119857788,
                    0.665783166885376,
                    1.3315662145614624
                ],
                [
                    0.6881266236305237,
                    -0.183397576212883,
                    -0.7020308375358582,
                    -1.4040615558624268
                ],
                [
                    -1.0048378129567936e-08,
                    0.9675301313400269,
                    -0.2527562081813812,
                    -0.5055121183395386
                ],
                [
                    0,
                    0,
                    0,
                    1
                ]
            ]
        },
        {
            "file_path": "029.png",
            "camera_angle_x": 0.6981317007977318,
            "transform_matrix": [
                [
                    -0.7255908846855164,
                    -0.1555781215429306,
                    -0.6703086495399475,
                    -1.3406171798706055
                ],
                [
                    -0.6881266236305237,
                    0.1640482395887375,
                    0.7068027257919312,
                    1.4136052131652832
                ],
                [
                    -1.0291698160358465e-08,
                    0.9741066694259644,
                    -0.2260895073413849,
                    -0.45217880606651306
                ],
                [
                    0,
                    0,
                    0,
                    1
                ]
            ]
        },
        {
            "file_path": "030.png",
            "camera_angle_x": 0.6981317007977318,
            "transform_matrix": [
                [
                    -0.6881265640258789,
                    0.14469926059246063,
                    0.7110161185264587,
                    1.4220322370529175
                ],
                [
                    0.725590705871582,
                    0.13722801208496094,
                    0.6743045449256897,
                    1.3486090898513794
                ],
                [
                    3.47648452247995e-08,
                    0.979913592338562,
                    -0.199422687292099,
                    -0.39884546399116516
                ],
                [
                    0,
                    0,
                    0,
                    1
                ]
            ]
        },
        {
            "file_path": "031.png",
            "camera_angle_x": 0.6981317007977318,
            "transform_matrix": [
                [
                    0.6881265044212341,
                    -0.125350221991539,
                    -0.7146812081336975,
                    -1.4293622970581055
                ],
                [
                    -0.7255907654762268,
                    -0.11887817829847336,
                    -0.6777803301811218,
                    -1.3555606603622437
                ],
                [
                    -5.060318741811898e-08,
                    0.9849646687507629,
                    -0.17275620996952057,
                    -0.34551212191581726
                ],
                [
                    0,
                    0,
                    0,
                    1
                ]
            ]
        },
        {
            "file_path": "032.png",
            "camera_angle_x": 0.6981317007977318,
            "transform_matrix": [
                [
                    0.8691239356994629,
                    -0.07225500792264938,
                    -0.4892880618572235,
                    -0.9785761833190918
                ],
                [
                    -0.49459436535835266,
                    -0.12696972489356995,
                    -0.8597993850708008,
                    -1.7195988893508911
                ],
                [
                    2.221008976732719e-08,
                    0.989271342754364,
                    -0.1460893452167511,
                    -0.29217880964279175
                ],
                [
                    0,
                    0,
                    0,
                    1
                ]
            ]
        },
        {
            "file_path": "033.png",
            "camera_angle_x": 0.6981317007977318,
            "transform_matrix": [
                [
                    -0.8691241145133972,
                    0.059065766632556915,
                    0.4910549223423004,
                    0.9821096658706665
                ],
                [
                    0.4945944845676422,
                    0.10379289835691452,
                    0.8629041314125061,
                    1.725808024406433
                ],
                [
                    2.8605025903516434e-08,
                    0.9928436279296875,
                    -0.11942268162965775,
                    -0.23884546756744385
                ],
                [
                    0,
                    0,
                    0,
                    1
                ]
            ]
        },
        {
            "file_path": "034.png",
            "camera_angle_x": 0.6981317007977318,
            "transform_matrix": [
                [
                    0.4945943057537079,
                    0.08061651140451431,
                    0.8653771281242371,
                    1.730754017829895
                ],
                [
                    0.8691240549087524,
                    -0.04587678238749504,
                    -0.4924622178077698,
                    -0.9849242568016052
                ],
                [
                    -6.107168104563243e-09,
                    0.9956890344619751,
                    -0.09275621920824051,
                    -0.18551214039325714
                ],
                [
                    0,
                    0,
                    0,
                    1
                ]
            ]
        },
        {
            "file_path": "035.png",
            "camera_angle_x": 0.6981317007977318,
            "transform_matrix": [
                [
                    -0.49459442496299744,
                    -0.0574398897588253,
                    -0.8672237396240234,
                    -1.7344474792480469
                ],
                [
                    -0.8691239356994629,
                    0.032687388360500336,
                    0.4935131072998047,
                    0.9870260953903198
                ],
                [
                    -4.357498539775406e-08,
                    0.9978137016296387,
                    -0.06608940660953522,
                    -0.13217879831790924
                ],
                [
                    0,
                    0,
                    0,
                    1
                ]
            ]
        },
        {
            "file_path": "036.png",
            "camera_angle_x": 0.6981317007977318,
            "transform_matrix": [
                [
                    0.96429443359375,
                    0.010440398007631302,
                    0.26462653279304504,
                    0.5292530059814453
                ],
                [
                    0.26483240723609924,
                    -0.03801516816020012,
                    -0.9635448455810547,
                    -1.9270896911621094
                ],
                [
                    2.697689183150942e-08,
                    0.9992226362228394,
                    -0.03942276909947395,
                    -0.07884546369314194
                ],
                [
                    0,
                    0,
                    0,
                    1
                ]
            ]
        },
        {
            "file_path": "037.png",
            "camera_angle_x": 0.6981317007977318,
            "transform_matrix": [
                [
                    -0.9642944931983948,
                    -0.0033782434184104204,
                    -0.26481083035469055,
                    -0.5296216607093811
                ],
                [
                    -0.26483237743377686,
                    0.012300675734877586,
                    0.9642159938812256,
                    1.9284319877624512
                ],
                [
                    -1.0196554711683348e-09,
                    0.9999186396598816,
                    -0.01275616604834795,
                    -0.025512132793664932
                ],
                [
                    0,
                    0,
                    0,
                    1
                ]
            ]
        },
        {
            "file_path": "038.png",
            "camera_angle_x": 0.6981317007977318,
            "transform_matrix": [
                [
                    -0.2648324966430664,
                    -0.004471252206712961,
                    0.9642841219902039,
                    1.9285682439804077
                ],
                [
                    0.9642944931983948,
                    -0.0012280322844162583,
                    0.2648296058177948,
                    0.5296590328216553
                ],
                [
                    1.4104749368470948e-08,
                    0.9999892711639404,
                    0.0046367766335606575,
                    0.009273733012378216
                ],
                [
                    0,
                    0,
                    0,
                    1
                ]
            ]
        },
        {
            "file_path": "039.png",
            "camera_angle_x": 0.6981317007977318,
            "transform_matrix": [
                [
                    0.2648322284221649,
                    0.013042868115007877,
                    -0.9642064571380615,
                    -1.9284125566482544
                ],
                [
                    -0.9642946720123291,
                    0.0035819364711642265,
                    -0.26480817794799805,
                    -0.5296162962913513
                ],
                [
                    4.803504083383814e-08,
                    0.9999086856842041,
                    0.013525640591979027,
                    0.02705151028931141
                ],
                [
                    0,
                    0,
                    0,
                    1
                ]
            ]
        },
        {
            "file_path": "040.png",
            "camera_angle_x": 0.6981317007977318,
            "transform_matrix": [
                [
                    0.9922388792037964,
                    0.002787180244922638,
                    -0.1243150532245636,
                    -0.2486301213502884
                ],
                [
                    -0.1243462935090065,
                    0.02224073000252247,
                    -0.9919896125793457,
                    -1.9839792251586914
                ],
                [
                    2.814735111655864e-09,
                    0.9997487664222717,
                    0.022414691746234894,
                    0.044829290360212326
                ],
                [
                    0,
                    0,
                    0,
                    1
                ]
            ]
        },
        {
            "file_path": "041.png",
            "camera_angle_x": 0.6981317007977318,
            "transform_matrix": [
                [
                    -0.9922388792037964,
                    -0.0038924855180084705,
                    0.12428535521030426,
                    0.24857072532176971
                ],
                [
                    0.1243463009595871,
                    -0.031060680747032166,
                    0.9917526245117188,
                    1.9835052490234375
                ],
                [
                    5.10095432559865e-09,
                    0.9995099306106567,
                    0.03130362927913666,
                    0.0626070648431778
                ],
                [
                    0,
                    0,
                    0,
                    1
                ]
            ]
        },
        {
            "file_path": "042.png",
            "camera_angle_x": 0.6981317007977318,
            "transform_matrix": [
                [
                    0.12434634566307068,
                    -0.039880383759737015,
                    0.9914370179176331,
                    1.9828742742538452
                ],
                [
                    0.9922388195991516,
                    0.004997739568352699,
                    -0.124245785176754,
                    -0.24849165976047516
                ],
                [
                    1.104805775753448e-07,
                    0.9991918802261353,
                    0.040192391723394394,
                    0.08038484305143356
                ],
                [
                    0,
                    0,
                    0,
                    1
                ]
            ]
        },
        {
            "file_path": "043.png",
            "camera_angle_x": 0.6981317007977318,
            "transform_matrix": [
                [
                    -0.12434640526771545,
                    0.048700325191020966,
                    -0.9910431504249573,
                    -1.9820860624313354
                ],
                [
                    -0.9922389984130859,
                    -0.006103058345615864,
                    0.12419642508029938,
                    0.24839287996292114
                ],
                [
                    1.3905776086176047e-07,
                    0.9987949132919312,
                    0.04908110573887825,
                    0.09816262125968933
                ],
                [
                    0,
                    0,
                    0,
                    1
                ]
            ]
        },
        {
            "file_path": "044.png",
            "camera_angle_x": 0.6981317007977318,
            "transform_matrix": [
                [
                    0.789544939994812,
                    -0.03557588905096054,
                    0.612660825252533,
                    1.2253214120864868
                ],
                [
                    0.6136928200721741,
                    0.04576994478702545,
                    -0.788217306137085,
                    -1.5764343738555908
                ],
                [
                    -2.1152855467221343e-08,
                    0.9983184933662415,
                    0.05797005817294121,
                    0.1159403994679451
                ],
                [
                    0,
                    0,
                    0,
