{
    "aabb": [
        [
            -0.5,
            -0.5,
            -0.5
        ],
        [
            0.5,
            0.5,
            0.5
        ]
    ],
    "scale": 0.734413792390981,
    "offset": [
        -0.3470083475112915,
        -0.39947572350502014,
        -0.4999999403953552
    ],
    "frames": [
        {
            "file_path": "000.png",
            "camera_angle_x": 0.34794375971845865,
            "transform_matrix": [
                [
                    0.9898815751075745,
                    -0.13593265414237976,
                    -0.04070392996072769,
                    -0.20364828407764435
                ],
                [
                    -0.1418960690498352,
                    -0.9482804536819458,
                    -0.28395482897758484,
                    -1.420671820640564
                ],
                [
                    5.274414238698455e-10,
                    0.28685739636421204,
                    -0.9579736590385437,
                    -4.792895317077637
                ],
                [
                    0,
                    0,
                    0,
                    1
                ]
            ]
        },
        {
            "file_path": "001.png",
            "camera_angle_x": 1.118479054797434,
            "transform_matrix": [
                [
                    -0.9898816347122192,
                    0.11228328198194504,
                    0.08675800263881683,
                    0.14161869883537292
                ],
                [
                    0.14189603924751282,
                    0.7832998633384705,
                    0.6052328944206238,
                    0.9879469275474548
                ],
                [
                    5.948135317623837e-09,
                    0.6114195585250854,
                    -0.791306734085083,
                    -1.2916828393936157
                ],
                [
                    0,
                    0,
                    0,
                    1
                ]
            ]
        },
        {
            "file_path": "002.png",
            "camera_angle_x": 0.3785439684425261,
            "transform_matrix": [
                [
                    0.14189600944519043,
                    0.6183196306228638,
                    0.7730112075805664,
                    3.558166265487671
                ],
                [
                    0.9898815751075745,
                    -0.0886339396238327,
                    -0.11080840975046158,
                    -0.5100505948066711
                ],
                [
                    1.1229708718474285e-08,
                    0.7809128165245056,
                    -0.6246399879455566,
                    -2.875214099884033
                ],
                [
                    0,
                    0,
                    0,
                    1
                ]
            ]
        },
        {
            "file_path": "003.png",
            "camera_angle_x": 0.6729457639270146,
            "transform_matrix": [
                [
                    -0.14189599454402924,
                    -0.4533393383026123,
                    -0.8799710869789124,
                    -2.3082070350646973
                ],
                [
                    -0.9898816347122192,
                    0.06498446315526962,
                    0.12614066898822784,
                    0.3308733403682709
                ],
                [
                    -2.2053196602200842e-08,
                    0.8889660239219666,
                    -0.4579733610153198,
                    -1.2012864351272583
                ],
                [
                    0,
                    0,
                    0,
                    1
                ]
            ]
        },
        {
            "file_path": "004.png",
            "camera_angle_x": 0.5416380478117604,
            "transform_matrix": [
                [
                    0.8002876043319702,
                    0.1746722310781479,
                    0.5736108422279358,
                    1.8569087982177734
                ],
                [
                    0.5996163487434387,
                    -0.23312927782535553,
                    -0.7655789852142334,
                    -2.478353261947632
                ],
                [
                    3.248774049779968e-08,
                    0.9566298127174377,
                    -0.29130682349205017,
                    -0.9430258870124817
                ],
                [
                    0,
                    0,
                    0,
                    1
                ]
            ]
        },
        {
            "file_path": "005.png",
            "camera_angle_x": 0.7165509257164506,
            "transform_matrix": [
                [
                    -0.8002877831459045,
                    -0.07473624497652054,
                    -0.5949406623840332,
                    -1.4693264961242676
                ],
                [
                    -0.5996164083480835,
                    0.09974783658981323,
                    0.7940470576286316,
                    1.9610602855682373
                ],
                [
                    1.0177039655445697e-08,
                    0.99220210313797,
                    -0.12464023381471634,
                    -0.30782371759414673
                ],
                [
                    0,
                    0,
                    0,
                    1
                ]
            ]
        },
        {
            "file_path": "006.png",
            "camera_angle_x": 1.1780408527025756,
            "transform_matrix": [
                [
                    -0.5996163487434387,
                    -0.011211065575480461,
                    0.800209105014801,
                    1.247422218322754
                ],
                [
                    0.800287663936615,
                    -0.008399933576583862,
                    0.5995574593544006,
                    0.9346323609352112
                ],
                [
                    4.045975998678841e-09,
                    0.9999018907546997,
                    0.014008771628141403,
                    0.021838054060935974
                ],
                [
                    0,
                    0,
                    0,
                    1
                ]
            ]
        },
        {
            "file_path": "007.png",
            "camera_angle_x": 0.84894043874679,
            "transform_matrix": [
                [
                    0.599616289138794,
                    0.05567159131169319,
                    -0.7983489036560059,
                    -1.678791880607605
                ],
                [
                    -0.800287663936615,
                    0.041711993515491486,
                    -0.5981637835502625,
                    -1.2578365802764893
                ],
                [
                    2.592594583461505e-08,
                    0.9975774884223938,
                    0.06956446170806885,
                    0.14628221094608307
                ],
                [
                    0,
                    0,
                    0,
                    1
                ]
            ]
        },
        {
            "file_path": "008.png",
            "camera_angle_x": 0.8762275521416637,
            "transform_matrix": [
                [
                    0.9688325524330139,
                    -0.030994290485978127,
                    0.24576978385448456,
                    0.501713216304779
                ],
                [
                    0.24771644175052643,
                    0.12122031301259995,
                    -0.9612191319465637,
                    -1.9622279405593872
                ],
                [
                    4.194339986440809e-09,
                    0.9921416640281677,
                    0.12511998414993286,
                    0.25541937351226807
                ],
                [
                    0,
                    0,
                    0,
                    1
                ]
            ]
        },
        {
            "file_path": "009.png",
            "camera_angle_x": 1.054799704531383,
            "transform_matrix": [
                [
                    -0.968832790851593,
                    0.04475630074739456,
                    -0.2436397522687912,
                    -0.41923925280570984
                ],
                [
                    -0.24771647155284882,
                    -0.17504434287548065,
                    0.9528883695602417,
                    1.6396677494049072
                ],
                [
                    2.5585849883213996e-08,
                    0.9835428595542908,
                    0.18067532777786255,
                    0.3108946979045868
                ],
                [
                    0,
                    0,
                    0,
                    1
                ]
            ]
        },
        {
            "file_path": "010.png",
            "camera_angle_x": 1.1812109938675994,
            "transform_matrix": [
                [
                    -0.24771647155284882,
                    -0.22886836528778076,
                    0.9414116740226746,
                    1.4640671014785767
                ],
                [
                    0.9688326120376587,
                    -0.0585184209048748,
                    0.24070528149604797,
                    0.3743407428264618
                ],
                [
                    6.869912994034166e-08,
                    0.9716969132423401,
                    0.23623105883598328,
                    0.36738258600234985
                ],
                [
                    0,
                    0,
                    0,
                    1
                ]
            ]
        },
        {
            "file_path": "011.png",
            "camera_angle_x": 0.8101611145584044,
            "transform_matrix": [
                [
                    0.24771641194820404,
                    0.28269243240356445,
                    -0.9266723394393921,
                    -2.0363776683807373
                ],
                [
                    -0.9688326120376587,
                    0.07228026539087296,
                    -0.23693668842315674,
                    -0.5206722021102905
                ],
                [
                    -4.723436575204687e-08,
                    0.9564834833145142,
                    0.2917866110801697,
                    0.6412060260772705
                ],
                [
                    0,
                    0,
                    0,
                    1
                ]
            ]
        },
        {
            "file_path": "012.png",
            "camera_angle_x": 1.1110776793705148,
            "transform_matrix": [
                [
                    0.5099061131477356,
                    -0.2987942099571228,
                    0.8066707849502563,
                    1.3246034383773804
                ],
                [
                    0.8602300882339478,
                    0.17711196839809418,
                    -0.4781585931777954,
                    -0.7851659655570984
                ],
                [
                    -6.192858847953175e-08,
                    0.9377384781837463,
                    0.34734222292900085,
                    0.5703574419021606
                ],
                [
                    0,
                    0,
                    0,
                    1
                ]
            ]
        },
        {
            "file_path": "013.png",
            "camera_angle_x": 0.7099795561754574,
            "transform_matrix": [
                [
                    -0.5099061131477356,
                    0.3465847969055176,
                    -0.7873212099075317,
                    -1.9616740942001343
                ],
                [
                    -0.860230028629303,
                    -0.20544004440307617,
                    0.46668902039527893,
                    1.1627931594848633
                ],
                [
                    1.63172622080765e-08,
                    0.915244996547699,
                    0.40289780497550964,
                    1.003852128982544
                ],
                [
                    0,
                    0,
                    0,
                    1
                ]
            ]
        },
        {
            "file_path": "014.png",
            "camera_angle_x": 0.7456262840689364,
            "transform_matrix": [
                [
                    -0.8602300882339478,
                    -0.23376816511154175,
                    0.4531629681587219,
                    1.0774602890014648
                ],
                [
                    0.5099061131477356,
                    -0.39437541365623474,
                    0.7645023465156555,
                    1.8177144527435303
                ],
                [
                    2.632917173173155e-08,
                    0.8887184858322144,
                    0.45845338702201843,
                    1.0900388956069946
                ],
                [
                    0,
                    0,
                    0,
                    1
                ]
            ]
        },
        {
            "file_path": "015.png",
            "camera_angle_x": 1.11992666052807,
            "transform_matrix": [
                [
                    0.860230028629303,
                    0.2620963156223297,
                    -0.4373898506164551,
                    -0.7131450176239014
                ],
                [
                    -0.5099062323570251,
                    0.4421657919883728,
                    -0.7378925085067749,
                    -1.203101396560669
                ],
                [
                    4.997820113317175e-08,
                    0.8577850461006165,
                    0.5140088200569153,
                    0.8380692005157471
                ],
                [
                    0,
                    0,
                    0,
                    1
                ]
            ]
        },
        {
            "file_path": "016.png",
            "camera_angle_x": 0.5865677356794448,
            "transform_matrix": [
                [
                    0.9985437989234924,
                    -0.030726173892617226,
                    0.04434138908982277,
                    0.13282981514930725
                ],
                [
                    0.05394679680466652,
                    0.568734884262085,
                    -0.8207499980926514,
                    -2.4586527347564697
                ],
                [
                    1.6236548772141646e-09,
                    0.821946918964386,
                    0.5695642828941345,
                    1.7061975002288818
                ],
                [
                    0,
                    0,
                    0,
                    1
                ]
            ]
        },
        {
            "file_path": "017.png",
            "camera_angle_x": 0.8306043255882947,
            "transform_matrix": [
                [
                    -0.9985439777374268,
                    0.03372321277856827,
                    -0.042107004672288895,
                    -0.09038109332323074
                ],
                [
                    -0.05394677817821503,
                    -0.6242099404335022,
                    0.7793920040130615,
                    1.6729354858398438
                ],
                [
                    -3.020996786062824e-09,
                    0.7805286049842834,
                    0.6251201033592224,
                    1.3417963981628418
                ],
                [
                    0,
                    0,
                    0,
                    1
                ]
            ]
        },
        {
            "file_path": "018.png",
            "camera_angle_x": 0.2724036759656865,
            "transform_matrix": [
                [
                    -0.05394696071743965,
                    -0.6796844005584717,
                    0.7315182685852051,
                    4.665695667266846
                ],
                [
                    0.9985438585281372,
                    -0.036720409989356995,
                    0.03952068090438843,
                    0.25206631422042847
                ],
                [
                    2.7132642799188034e-08,
                    0.7325850129127502,
                    0.6806755661964417,
                    4.341416358947754
                ],
                [
                    0,
                    0,
                    0,
                    1
                ]
            ]
        },
        {
            "file_path": "019.png",
            "camera_angle_x": 0.8135213282429969,
            "transform_matrix": [
                [
                    0.05394679307937622,
                    0.7351590394973755,
                    -0.6757447719573975,
                    -1.4791666269302368
                ],
                [
                    -0.9985438585281372,
                    0.03971729800105095,
                    -0.03650744631886482,
                    -0.07991264015436172
                ],
                [
                    -2.6262375607544186e-10,
                    0.676730215549469,
                    0.7362310886383057,
                    1.6115678548812866
                ],
                [
                    0,
                    0,
                    0,
                    1
                ]
            ]
        },
        {
            "file_path": "020.png",
            "camera_angle_x": 0.9065759170602414,
            "transform_matrix": [
                [
                    0.6679308414459229,
                    -0.589266300201416,
                    0.4545699656009674,
                    0.8989441394805908
                ],
                [
                    0.7442234754562378,
                    0.5288587212562561,
                    -0.40797072649002075,
                    -0.8067910075187683
                ],
                [
                    -2.0819820534256905e-08,
                    0.6107978224754333,
                    0.7917866706848145,
                    1.5658143758773804
                ],
                [
                    0,
                    0,
                    0,
                    1
                ]
            ]
        },
        {
            "file_path": "021.png",
            "camera_angle_x": 1.0500490755798535,
            "transform_matrix": [
                [
                    -0.6679309606552124,
                    0.630611777305603,
                    -0.3952176570892334,
                    -0.6828514933586121
                ],
                [
                    -0.7442232370376587,
                    -0.5659661293029785,
                    0.3547028601169586,
                    0.6128506064414978
                ],
                [
                    -1.9725847621998582e-08,
                    0.5310471653938293,
                    0.8473422527313232,
                    1.464025855064392
                ],
                [
                    0,
                    0,
                    0,
                    1
                ]
            ]
        },
        {
            "file_path": "022.png",
            "camera_angle_x": 1.2075498630857289,
            "transform_matrix": [
                [
                    -0.7442232966423035,
                    -0.6030734181404114,
                    0.2871136963367462,
                    0.4379497468471527
                ],
                [
                    0.6679309606552124,
                    -0.6719575524330139,
                    0.31990835070610046,
                    0.487973153591156
                ],
                [
                    -7.268821100581135e-09,
                    0.4298553466796875,
                    0.9028977751731873,
                    1.3772380352020264
                ],
                [
                    0,
                    0,
                    0,
                    1
                ]
            ]
        },
        {
            "file_path": "023.png",
            "camera_angle_x": 0.9348697332227488,
            "transform_matrix": [
                [
                    0.7442231774330139,
                    0.6401808261871338,
                    -0.19052694737911224,
                    -0.36618268489837646
                ],
                [
                    -0.6679311394691467,
                    0.7133031487464905,
                    -0.2122892588376999,
                    -0.40800872445106506
                ],
                [
                    6.432834709357849e-09,
                    0.2852494418621063,
                    0.9584532976150513,
                    1.8420971632003784
                ],
                [
                    0,
                    0,
                    0,
                    1
                ]
            ]
        }
    ]
}