{
    "aabb": [
        [
            -0.5,
            -0.5,
            -0.5
        ],
        [
            0.5,
            0.5,
            0.5
        ]
    ],
    "scale": 0.061360846904401405,
    "offset": [
        -0.10274052619934082,
        -0.0,
        -0.26300323009490967
    ],
    "frames": [
        {
            "file_path": "000.png",
            "camera_angle_x": 0.44196863459577906,
            "transform_matrix": [
                [
                    -0.3477499186992645,
                    0.7818698883056641,
                    0.5174452662467957,
                    2.044438600540161
                ],
                [
                    0.9375873804092407,
                    0.2899944484233856,
                    0.19191974401474,
                    0.7582792639732361
                ],
                [
                    2.547325905766229e-09,
                    0.5518901944160461,
                    -0.8339168429374695,
                    -3.294825315475464
                ],
                [
                    0,
                    0,
                    0,
                    1
                ]
            ]
        },
        {
            "file_path": "001.png",
            "camera_angle_x": 0.9859708037137186,
            "transform_matrix": [
                [
                    0.3477497398853302,
                    -0.6256052851676941,
                    -0.698346734046936,
                    -1.2779204845428467
                ],
                [
                    -0.9375873804092407,
                    -0.2320360541343689,
                    -0.2590157091617584,
                    -0.47397878766059875
                ],
                [
                    -1.5421431243112238e-08,
                    0.7448337078094482,
                    -0.6672500967979431,
                    -1.2210161685943604
                ],
                [
                    0,
                    0,
                    0,
                    1
                ]
            ]
        },
        {
            "file_path": "002.png",
            "camera_angle_x": 0.480559548982681,
            "transform_matrix": [
                [
                    -0.9375878572463989,
                    -0.1740778088569641,
                    -0.30104297399520874,
                    -1.0955414772033691
                ],
                [
                    -0.34774985909461975,
                    0.46934056282043457,
                    0.8116586208343506,
                    2.953749895095825
                ],
                [
                    -1.028969975891414e-08,
                    0.8656885027885437,
                    -0.5005837678909302,
                    -1.8217003345489502
                ],
                [
                    0,
                    0,
                    0,
                    1
                ]
            ]
        },
        {
            "file_path": "003.png",
            "camera_angle_x": 0.8567589086235555,
            "transform_matrix": [
                [
                    0.9375873804092407,
                    0.11611949652433395,
                    0.32778990268707275,
                    0.6833803653717041
                ],
                [
                    0.34774982929229736,
                    -0.3130764067173004,
                    -0.8837724328041077,
                    -1.8424996137619019
                ],
                [
                    1.3291879596977196e-08,
                    0.9426027536392212,
                    -0.3339170217514038,
                    -0.6961539387702942
                ],
                [
                    0,
                    0,
                    0,
                    1
                ]
            ]
        },
        {
            "file_path": "004.png",
            "camera_angle_x": 0.7122678666768523,
            "transform_matrix": [
                [
                    -0.9088706374168396,
                    0.06975642591714859,
                    0.41120341420173645,
                    1.0213944911956787
                ],
                [
                    0.4170781672000885,
                    0.15200883150100708,
                    0.8960686922073364,
                    2.2257587909698486
                ],
                [
                    -1.1453984427589603e-09,
                    0.9859144687652588,
                    -0.16725026071071625,
                    -0.41543516516685486
                ],
                [
                    0,
                    0,
                    0,
                    1
                ]
            ]
        },
        {
            "file_path": "005.png",
            "camera_angle_x": 0.9004154755463537,
            "transform_matrix": [
                [
                    0.9088706374168396,
                    -0.00024336171918548644,
                    -0.4170781075954437,
                    -0.8300542235374451
                ],
                [
                    -0.4170781672000885,
                    -0.0005303786601871252,
                    -0.9088704586029053,
                    -1.8088021278381348
                ],
                [
                    -1.4811371684686492e-08,
                    0.9999998807907104,
                    -0.0005835486808791757,
                    -0.0011611988302320242
                ],
                [
                    0,
                    0,
                    0,
                    1
                ]
            ]
        },
        {
            "file_path": "006.png",
            "camera_angle_x": 1.1693574197547667,
            "transform_matrix": [
                [
                    -0.4170782268047333,
                    0.05031605437397957,
                    -0.9074768424034119,
                    -1.4239048957824707
                ],
                [
                    -0.9088706970214844,
                    -0.023089881986379623,
                    0.4164385497570038,
                    0.6534259915351868
                ],
                [
                    6.386584061601752e-08,
                    0.998466432094574,
                    0.05536098778247833,
                    0.08686601370573044
                ],
                [
                    0,
                    0,
                    0,
                    1
                ]
            ]
        },
        {
            "file_path": "007.png",
            "camera_angle_x": 1.0713416311048083,
            "transform_matrix": [
                [
                    0.4170781672000885,
                    -0.10080891102552414,
                    0.9032626748085022,
                    1.5325642824172974
                ],
                [
                    0.9088706374168396,
                    0.046260856091976166,
                    -0.4145047068595886,
                    -0.7032894492149353
                ],
                [
                    3.012384297562676e-08,
                    0.9938297271728516,
                    0.1109166294336319,
                    0.18819205462932587
                ],
                [
                    0,
                    0,
                    0,
                    1
                ]
            ]
        },
        {
            "file_path": "008.png",
            "camera_angle_x": 0.9785495954407959,
            "transform_matrix": [
                [
                    -0.6800780892372131,
                    -0.12204737216234207,
                    0.7229096293449402,
                    1.332078456878662
                ],
                [
                    0.7331397533416748,
                    -0.11321406066417694,
                    0.6705883741378784,
                    1.2356680631637573
                ],
                [
                    -3.78319988669773e-08,
                    0.9860461950302124,
                    0.16647213697433472,
                    0.3067520558834076
                ],
                [
                    0,
                    0,
                    0,
                    1
                ]
            ]
        },
        {
            "file_path": "009.png",
            "camera_angle_x": 1.0052788888817914,
            "transform_matrix": [
                [
                    0.6800779700279236,
                    0.1627773940563202,
                    -0.7148408889770508,
                    -1.2850708961486816
                ],
                [
                    -0.7331398129463196,
                    0.15099619328975677,
                    -0.6631035208702087,
                    -1.1920626163482666
                ],
                [
                    2.1564137142604523e-08,
                    0.9750403761863708,
                    0.2220277488231659,
                    0.39913973212242126
                ],
                [
                    0,
                    0,
                    0,
                    1
                ]
            ]
        },
        {
            "file_path": "010.png",
            "camera_angle_x": 1.0604384301566716,
            "transform_matrix": [
                [
                    -0.7331397533416748,
                    0.1887783408164978,
                    -0.6533520221710205,
                    -1.1188338994979858
                ],
                [
                    -0.6800780296325684,
                    -0.20350748300552368,
                    0.7043284773826599,
                    1.2061285972595215
                ],
                [
                    -6.511826455835035e-08,
                    0.9607015252113342,
                    0.27758342027664185,
                    0.47534802556037903
                ],
                [
                    0,
                    0,
                    0,
                    1
                ]
            ]
        },
        {
            "file_path": "011.png",
            "camera_angle_x": 0.46842821167336884,
            "transform_matrix": [
                [
                    0.73313969373703,
                    -0.22656038403511047,
                    0.6412305235862732,
                    2.392817974090576
                ],
                [
                    0.6800780892372131,
                    0.24423721432685852,
                    -0.6912612318992615,
                    -2.579512596130371
                ],
                [
                    9.965425817881624e-09,
                    0.9428778886795044,
                    0.33313873410224915,
                    1.2431421279907227
                ],
                [
                    0,
                    0,
                    0,
                    1
                ]
            ]
        },
        {
            "file_path": "012.png",
            "camera_angle_x": 0.6498971068341941,
            "transform_matrix": [
                [
                    -0.999296247959137,
                    -0.014583924785256386,
                    0.034569937735795975,
                    0.0937744677066803
                ],
                [
                    0.037520281970500946,
                    -0.38842105865478516,
                    0.9207181334495544,
                    2.4975414276123047
                ],
                [
                    1.3083907290933894e-09,
                    0.9213668704032898,
                    0.3886943757534027,
                    1.0543732643127441
                ],
                [
                    0,
                    0,
                    0,
                    1
                ]
            ]
        },
        {
            "file_path": "013.png",
            "camera_angle_x": 0.6483637320298129,
            "transform_matrix": [
                [
                    0.9992958903312683,
                    0.01666838489472866,
                    -0.033614519983530045,
                    -0.09139082580804825
                ],
                [
                    -0.03752027451992035,
                    0.4439372718334198,
                    -0.8952720165252686,
                    -2.4340567588806152
                ],
                [
                    1.9767520953450912e-10,
                    0.8959028720855713,
                    0.44425007700920105,
                    1.2078224420547485
                ],
                [
                    0,
                    0,
                    0,
                    1
                ]
            ]
        },
        {
            "file_path": "014.png",
            "camera_angle_x": 1.026416122727215,
            "transform_matrix": [
                [
                    -0.03752025216817856,
                    0.4994535744190216,
                    -0.8655278086662292,
                    -1.5266963243484497
                ],
                [
                    -0.9992958903312683,
                    -0.018752800300717354,
                    0.03249771147966385,
                    0.0573224276304245
                ],
                [
                    3.998112774183937e-08,
                    0.866137683391571,
                    0.4998055100440979,
                    0.8816022276878357
                ],
                [
                    0,
                    0,
                    0,
                    1
                ]
            ]
        },
        {
            "file_path": "015.png",
            "camera_angle_x": 0.6443470658854713,
            "transform_matrix": [
                [
                    0.03752019628882408,
                    -0.5549701452255249,
                    0.8310238718986511,
                    2.272968292236328
                ],
                [
                    0.9992960095405579,
                    0.020837217569351196,
                    -0.03120226040482521,
                    -0.08534248173236847
                ],
                [
                    -3.81517004655052e-08,
                    0.8316094279289246,
                    0.5553610324859619,
                    1.5189915895462036
                ],
                [
                    0,
                    0,
                    0,
                    1
                ]
            ]
        },
        {
            "file_path": "016.png",
            "camera_angle_x": 1.0609472813590202,
            "transform_matrix": [
                [
                    -0.5239819884300232,
                    -0.5203354954719543,
                    0.6743097901344299,
                    1.1542221307754517
                ],
                [
                    0.8517292737960815,
                    -0.3201093077659607,
                    0.4148339033126831,
                    0.7100750207901001
                ],
                [
                    4.6904432338124025e-08,
                    0.7916949391365051,
                    0.6109166145324707,
                    1.0457115173339844
                ],
                [
                    0,
                    0,
                    0,
                    1
                ]
            ]
        },
        {
            "file_path": "017.png",
            "camera_angle_x": 1.0136354020193605,
            "transform_matrix": [
                [
                    0.523982048034668,
                    0.5676538944244385,
                    -0.6349896788597107,
                    -1.1329214572906494
                ],
                [
                    -0.8517293334007263,
                    0.3492194712162018,
                    -0.3906443119049072,
                    -0.6969708800315857
                ],
                [
                    1.729433662944757e-08,
                    0.7455298900604248,
                    0.6664721965789795,
                    1.1890912055969238
                ],
                [
                    0,
                    0,
                    0,
                    1
                ]
            ]
        },
        {
            "file_path": "018.png",
            "camera_angle_x": 0.4882014482272209,
            "transform_matrix": [
                [
                    -0.8517292141914368,
                    0.37832963466644287,
                    -0.3625244200229645,
                    -1.2990334033966064
                ],
                [
                    -0.5239821076393127,
                    -0.6149721145629883,
                    0.589280903339386,
                    2.111569881439209
                ],
                [
                    2.7820380665843913e-08,
                    0.6918641328811646,
                    0.7220277190208435,
                    2.5872414112091064
                ],
                [
                    0,
                    0,
                    0,
                    1
                ]
            ]
        },
        {
            "file_path": "019.png",
            "camera_angle_x": 0.5306458963618466,
            "transform_matrix": [
                [
                    0.8517292141914368,
                    -0.40743985772132874,
                    0.3294695019721985,
                    1.0881240367889404
                ],
                [
                    0.5239822268486023,
                    0.6622903943061829,
                    -0.5355503559112549,
                    -1.7687381505966187
                ],
                [
                    1.2547209493618539e-08,
                    0.6287800669670105,
                    0.7775832414627075,
                    2.568089723587036
                ],
                [
                    0,
                    0,
                    0,
                    1
                ]
            ]
        },
        {
            "file_path": "020.png",
            "camera_angle_x": 0.7645883474225678,
            "transform_matrix": [
                [
                    -0.9727752208709717,
                    -0.19308188557624817,
                    0.1281738579273224,
                    0.2975520193576813
                ],
                [
                    0.23175235092639923,
                    -0.8104568719863892,
                    0.5380067229270935,
                    1.2489676475524902
                ],
                [
                    6.752104209084564e-09,
                    0.5530639886856079,
                    0.8331388235092163,
                    1.934109091758728
                ],
                [
                    0,
                    0,
                    0,
                    1
                ]
            ]
        },
        {
            "file_path": "021.png",
            "camera_angle_x": 0.9784555281576652,
            "transform_matrix": [
                [
                    0.972774863243103,
                    0.20595693588256836,
                    -0.10625842213630676,
                    -0.19581571221351624
                ],
                [
                    -0.23175226151943207,
                    0.864499568939209,
                    -0.4460172653198242,
                    -0.8219319581985474
                ],
                [
                    2.1195789567940437e-09,
                    0.4584999978542328,
                    0.8886944055557251,
                    1.6377085447311401
                ],
                [
                    0,
                    0,
                    0,
                    1
                ]
            ]
        },
        {
            "file_path": "022.png",
            "camera_angle_x": 1.0905919666441748,
            "transform_matrix": [
                [
                    -0.2317522019147873,
                    0.9185425639152527,
                    -0.3202661871910095,
                    -0.5347484350204468
                ],
                [
                    -0.972774863243103,
                    -0.21883201599121094,
                    0.07629960775375366,
                    0.1273975819349289
                ],
                [
                    -5.709715011903427e-08,
                    0.3292295038700104,
                    0.9442499279975891,
                    1.5766143798828125
                ],
                [
                    0,
                    0,
                    0,
                    1
                ]
            ]
        },
        {
            "file_path": "023.png",
            "camera_angle_x": 0.7187797913579094,
            "transform_matrix": [
                [
                    0.2317522019147873,
                    -0.9725856781005859,
                    0.019184254109859467,
                    0.047239869832992554
                ],
                [
                    0.972774863243103,
                    0.2317071408033371,
                    -0.004569993820041418,
                    -0.011254348792135715
                ],
                [
                    -4.188322861864435e-07,
                    0.01972106471657753,
                    0.9998055100440979,
                    2.4618968963623047
                ],
                [
                    0,
                    0,
                    0,
                    1
                ]
            ]
        }
    ]
}